Date,Open,High,Low,Close,Volume,Dividends,Stock Splits
2019-07-23 00:00:00-04:00,50.296036480561845,50.40460916690929,50.01374234188397,50.387718200683594,73420800,0.0,0.0
2019-07-24 00:00:00-04:00,50.10542830042855,50.462513196971095,49.984791162801024,50.346702575683594,59966400,0.0,0.0
2019-07-25 00:00:00-04:00,50.39978247912317,50.48422994685784,49.878629168564935,49.94860076904297,55638400,0.0,0.0
2019-07-26 00:00:00-04:00,50.05959603108048,50.6024632635333,49.97756364397169,50.12232971191406,70475600,0.0,0.0
2019-07-29 00:00:00-04:00,50.29604180970736,50.82201801250222,50.29121529290959,50.59039306640625,86693600,0.0,0.0
2019-07-30 00:00:00-04:00,50.36842635135653,50.706212612537456,50.01857931926707,50.373252868652344,135742800,0.0,0.0
2019-07-31 00:00:00-04:00,52.21657786418858,53.41088478250586,50.98125476113512,51.40106964111328,277125600,0.0,0.0
2019-08-01 00:00:00-04:00,51.608573882211395,52.6050379692168,49.88105260566868,50.28880310058594,216071600,0.0,0.0
2019-08-02 00:00:00-04:00,49.58910772710964,49.80625312949166,48.64813940804928,49.22478485107422,163448400,0.0,0.0
2019-08-05 00:00:00-04:00,47.7698998067412,47.92913804617501,46.46460496496702,46.647972106933594,209572000,0.0,0.0
2019-08-06 00:00:00-04:00,47.36455272210095,47.78919780575481,46.81685908255374,47.53103256225586,143299200,0.0,0.0
2019-08-07 00:00:00-04:00,47.147412110596825,48.14869898858254,46.76378685502141,48.02323532104492,133457600,0.0,0.0
2019-08-08 00:00:00-04:00,48.30312054612657,49.10656451373982,48.10768892619034,49.082435607910156,108038000,0.0,0.0
2019-08-09 00:00:00-04:00,48.75304186450058,49.10663860296131,48.266235660993594,48.67796325683594,98478800,0.1925,0.0
2019-08-12 00:00:00-04:00,48.3461703778076,48.934696479890675,48.23234030241585,48.5544548034668,89927600,0.0,0.0
2019-08-13 00:00:00-04:00,48.685242576262546,51.37840568550886,48.55445734870309,50.610660552978516,188874000,0.0,0.0
2019-08-14 00:00:00-04:00,49.2035205330253,49.99790665419237,49.065469900146695,49.10422134399414,146189600,0.0,0.0
2019-08-15 00:00:00-04:00,49.27618800290657,49.683067154600124,48.358281940636374,48.859619140625,108909600,0.0,0.0
2019-08-16 00:00:00-04:00,49.474771657505364,50.172282842159284,49.36820703812313,50.01243591308594,110481600,0.0,0.0
2019-08-19 00:00:00-04:00,51.01027035241222,51.52129354143994,50.86737854061634,50.944881439208984,97654400,0.0,0.0
2019-08-20 00:00:00-04:00,51.073244138748294,51.671456261505405,50.9376177570861,50.947303771972656,107537200,0.0,0.0
2019-08-21 00:00:00-04:00,51.58426479207487,51.7441080508125,51.247619434418645,51.49949645996094,86141600,0.0,0.0
2019-08-22 00:00:00-04:00,51.632708152574494,51.935446951071654,51.04176142662132,51.455909729003906,89014800,0.0,0.0
2019-08-23 00:00:00-04:00,50.72205855084123,51.35660147373492,48.68039022711605,49.07758331298828,187272000,0.0,0.0
2019-08-26 00:00:00-04:00,49.85743589320227,50.1795503439603,49.66368236775234,50.01001739501953,104174400,0.0,0.0
2019-08-27 00:00:00-04:00,50.34182672820423,50.508939127152146,49.293139143908576,49.44572067260742,103493200,0.0,0.0
2019-08-28 00:00:00-04:00,49.43118027071931,49.82352847395634,49.24227160282437,49.77751159667969,63755200,0.0,0.0
2019-08-29 00:00:00-04:00,50.49682616850636,50.695424572861164,50.05119559188693,50.62034225463867,83962000,0.0,0.0
2019-08-30 00:00:00-04:00,50.89886149094375,50.96909525496628,50.18197450428563,50.55495071411133,84573600,0.0,0.0
2019-09-03 00:00:00-04:00,49.99548583236102,50.128691620073766,49.46024579747165,49.818687438964844,80092000,0.0,0.0
2019-09-04 00:00:00-04:00,50.4701792729673,50.73416655998368,50.211036840407886,50.66393280029297,76752400,0.0,0.0
2019-09-05 00:00:00-04:00,51.344491060573134,51.821607617486855,51.22581614234957,51.65449523925781,95654800,0.0,0.0
2019-09-06 00:00:00-04:00,51.840991188090705,51.93060068744266,51.46801492895197,51.649658203125,77449200,0.0,0.0
2019-09-09 00:00:00-04:00,52.03231988392486,52.419827009290024,51.11926236362151,51.870052337646484,109237600,0.0,0.0
2019-09-10 00:00:00-04:00,51.794977838443714,52.5021752573962,51.27426856179833,52.4827995300293,127111600,0.0,0.0
2019-09-11 00:00:00-04:00,52.81459748862363,54.18055469317169,52.732249733237886,54.1514892578125,177158400,0.0,0.0
2019-09-12 00:00:00-04:00,54.44453610353608,54.83688433061755,53.97468498463831,54.03038787841797,128906800,0.0,0.0
2019-09-13 00:00:00-04:00,53.28202113560268,53.473350403642286,52.560292974972036,52.97928237915039,159053200,0.0,0.0
2019-09-16 00:00:00-04:00,52.73224701324744,53.31350764840726,52.69107498544911,53.2578010559082,84632400,0.0,0.0
2019-09-17 00:00:00-04:00,53.27234577430671,53.48063022821819,53.0689024806767,53.45156478881836,73274800,0.0,0.0
2019-09-18 00:00:00-04:00,53.53874405055101,53.97226802772137,53.146395797135085,53.9528923034668,101360000,0.0,0.0
2019-09-19 00:00:00-04:00,53.76883163296645,54.19266595432983,53.37163847391046,53.51453399658203,88242400,0.0,0.0
2019-09-20 00:00:00-04:00,53.61624578307618,53.90202939465577,52.669278068122175,52.73224639892578,221652400,0.0,0.0
2019-09-23 00:00:00-04:00,53.02772209435921,53.243271950290854,52.71287303516179,52.97201919555664,76662000,0.0,0.0
2019-09-24 00:00:00-04:00,53.531483804421725,53.885084339142665,52.60147112331011,52.72014236450195,124763200,0.0,0.0
2019-09-25 00:00:00-04:00,52.93085375291775,53.645316598301385,52.58936349170501,53.53148651123047,87613600,0.0,0.0
2019-09-26 00:00:00-04:00,53.282023697512216,53.50968384459734,52.99866065131317,53.2553825378418,75334000,0.0,0.0
2019-09-27 00:00:00-04:00,53.412803846791704,53.51452732331094,52.623262482703005,52.996238708496094,101408000,0.0,0.0
2019-09-30 00:00:00-04:00,53.499994444279565,54.39125931297248,53.473353284454845,54.24352264404297,103909600,0.0,0.0
2019-10-01 00:00:00-04:00,54.50993492349318,55.272835162170544,54.29922622204931,54.393680572509766,139223200,0.0,0.0
2019-10-02 00:00:00-04:00,54.02312463454462,54.14906499108154,52.78068360435855,53.03014373779297,138449200,0.0,0.0
2019-10-03 00:00:00-04:00,52.90177749489717,53.51452411481971,52.10255016434173,53.48061752319336,114426000,0.0,0.0
2019-10-04 00:00:00-04:00,54.6479777980822,55.096032632086406,54.22414354260741,54.97977828979492,138478800,0.0,0.0
2019-10-07 00:00:00-04:00,54.80055307954751,55.68696924156416,54.696409038366205,54.99188232421875,122306000,0.0,0.0
2019-10-08 00:00:00-04:00,54.69157454400609,55.23408003026832,54.3307086160223,54.347660064697266,111820000,0.0,0.0
2019-10-09 00:00:00-04:00,54.98462677001953,55.168690614138484,54.64798140129593,54.98462677001953,74770400,0.0,0.0
2019-10-10 00:00:00-04:00,55.2025974059494,55.81049923119927,55.05001957634204,55.725730895996094,113013600,0.0,0.0
2019-10-11 00:00:00-04:00,56.41839786536591,57.554274350428,56.263395759026324,57.207942962646484,166795600,0.0,0.0
2019-10-14 00:00:00-04:00,56.89067330514425,57.6729530180854,56.83497040119794,57.1255989074707,96427600,0.0,0.0
2019-10-15 00:00:00-04:00,57.251535967432886,57.55669532702145,56.885828851895205,56.992393493652344,87360000,0.0,0.0
2019-10-16 00:00:00-04:00,56.52011520174793,56.97301490646612,56.47894317323565,56.762306213378906,73903200,0.0,0.0
2019-10-17 00:00:00-04:00,56.93667965324991,57.19340151452441,56.556441715949354,56.982696533203125,67585200,0.0,0.0
2019-10-18 00:00:00-04:00,56.81559254238029,57.539745048672174,56.74293449465351,57.25638198852539,97433600,0.0,0.0
2019-10-21 00:00:00-04:00,57.52521036807305,58.365613477738876,57.476772904644044,58.249359130859375,87247200,0.0,0.0
2019-10-22 00:00:00-04:00,58.4067898441353,58.65866688999725,58.03381358739477,58.11616134643555,82293600,0.0,0.0
2019-10-23 00:00:00-04:00,58.634440703583515,58.910538286934596,58.421311447824344,58.89600372314453,75828800,0.0,0.0
2019-10-24 00:00:00-04:00,59.21812145095567,59.28835891208538,58.56420647492084,58.99288558959961,69275200,0.0,0.0
2019-10-25 00:00:00-04:00,58.891166725114154,59.75578670688016,58.823353538134135,59.719459533691406,73477200,0.0,0.0
2019-10-28 00:00:00-04:00,59.922903984132496,60.36611401090729,59.75337100284915,60.31767654418945,96572800,0.0,0.0
2019-10-29 00:00:00-04:00,60.298292342627256,60.48720102315236,58.748271452282516,58.922645568847656,142839600,0.0,0.0
2019-10-30 00:00:00-04:00,59.278668891763296,59.40945410360988,58.4188937827909,58.915382385253906,124522000,0.0,0.0
2019-10-31 00:00:00-04:00,59.879308835546745,60.34673572810376,57.46223980644493,60.2474365234375,139162000,0.0,0.0
2019-11-01 00:00:00-04:00,60.43634668763346,61.98394718790173,60.344316611200576,61.95730972290039,151125200,0.0,0.0
2019-11-04 00:00:00-05:00,62.323005797126264,62.44894984543721,61.850737789208154,62.36418151855469,103272000,0.0,0.0
2019-11-05 00:00:00-05:00,62.255198673894625,62.53129998414556,62.07840395976028,62.27457809448242,79897600,0.0,0.0
2019-11-06 00:00:00-05:00,62.18738604952074,62.36176388097988,61.84832009698447,62.30121612548828,75864400,0.0,0.0
2019-11-07 00:00:00-05:00,62.852630506500496,63.243732525330415,62.699590908404986,63.02024459838867,94940400,0.1925,0.0
2019-11-08 00:00:00-05:00,62.84049946698282,63.26560624741253,62.39353094172388,63.19273376464844,69986400,0.0,0.0
2019-11-11 00:00:00-05:00,62.74573267327365,63.758704257268846,62.74087698079386,63.693119049072266,81821200,0.0,0.0
2019-11-12 00:00:00-05:00,63.53523315318818,63.836456671701576,63.382200960323466,63.634830474853516,87388800,0.0,0.0
2019-11-13 00:00:00-05:00,63.433222083562434,64.31987190974095,63.418647586616146,64.24456787109375,102734400,0.0,0.0
2019-11-14 00:00:00-05:00,64.06965769499226,64.34415637190398,63.66884425746968,63.80002212524414,89182800,0.0,0.0
2019-11-15 00:00:00-05:00,64.05265608864437,64.56278568690303,63.889905079384924,64.55792999267578,100206400,0.0,0.0
2019-11-18 00:00:00-05:00,64.56764007340955,64.96359783648255,64.18626421927019,64.88343811035156,86703200,0.0,0.0
2019-11-19 00:00:00-05:00,65.07774766066129,65.10204094963999,64.46802836294079,64.68665313720703,76167200,0.0,0.0
2019-11-20 00:00:00-05:00,64.50448336501718,64.63565381979397,63.25588059813886,63.933624267578125,106234400,0.0,0.0
2019-11-21 00:00:00-05:00,64.05508479550144,64.13282037932423,63.44535789313103,63.6469841003418,121395200,0.0,0.0
2019-11-22 00:00:00-05:00,63.78787332932542,63.93119414196486,63.36276658541626,63.59111022949219,65325200,0.0,0.0
2019-11-25 00:00:00-05:00,63.817011702677874,64.72309888058531,63.77085667081327,64.70609283447266,84020400,0.0,0.0
2019-11-26 00:00:00-05:00,64.84455234702277,64.89799462072403,63.76599548743079,64.20082092285156,105207600,0.0,0.0
2019-11-27 00:00:00-05:00,64.51420446665863,65.09721400654226,64.44861922939512,65.06320190429688,65235600,0.0,0.0
2019-11-29 00:00:00-05:00,64.76196556086708,65.10204941095651,64.59191992918642,64.91986083984375,46617600,0.0,0.0
2019-12-02 00:00:00-05:00,64.92471455235044,65.1627769467866,63.9967730925442,64.16924285888672,94487200,0.0,0.0
2019-12-03 00:00:00-05:00,62.748193317761086,63.04455378838987,62.257501272050064,63.025123596191406,114430400,0.0,0.0
2019-12-04 00:00:00-05:00,63.41864699145633,63.9627813077423,63.323905348920434,63.581398010253906,67181600,0.0,0.0
2019-12-05 00:00:00-05:00,64.07939531302465,64.5895250257049,63.82190260902633,64.51421356201172,74424400,0.0,0.0
2019-12-06 00:00:00-05:00,64.97575502895629,65.8308243218488,64.93202412410056,65.7603759765625,106075600,0.0,0.0
2019-12-09 00:00:00-05:00,65.58791410443226,65.78224569943163,64.35146135405654,64.83972930908203,128042400,0.0,0.0
2019-12-10 00:00:00-05:00,65.24782270066855,65.60491271123706,64.5822218661299,65.21867370605469,90420400,0.0,0.0
2019-12-11 00:00:00-05:00,65.29881544951247,65.85509998770219,65.22351142975035,65.77493286132812,78756800,0.0,0.0
2019-12-12 00:00:00-05:00,65.04861375839602,66.20976207334674,64.93687349911623,65.94255065917969,137310400,0.0,0.0
2019-12-13 00:00:00-05:00,65.94253706503372,66.87534156224027,65.81379078474075,66.83890533447266,133587600,0.0,0.0
2019-12-16 00:00:00-05:00,67.28833556950083,68.20899754344299,67.28347987470062,67.98307800292969,128186000,0.0,0.0
2019-12-17 00:00:00-05:00,67.9126107700678,68.44702610884853,67.72555910021364,68.11666107177734,114158400,0.0,0.0
2019-12-18 00:00:00-05:00,67.96850058347438,68.47863021999785,67.80331800807414,67.95392608642578,116028400,0.0,0.0
2019-12-19 00:00:00-05:00,67.89562736119716,68.30372810067618,67.76202533527726,68.02194213867188,98369200,0.0,0.0
2019-12-20 00:00:00-05:00,68.55878613529292,68.66080759791927,67.66727334107811,67.88104248046875,275978000,0.0,0.0
2019-12-23 00:00:00-05:00,68.14582799943197,69.04948380967261,68.10696020602367,68.98875427246094,98572000,0.0,0.0
2019-12-24 00:00:00-05:00,69.15638834984124,69.20497495894426,68.72642577105472,69.05435943603516,48478800,0.0,0.0
2019-12-26 00:00:00-05:00,69.18793286983995,70.4413911164573,69.15878388486986,70.42438507080078,93121200,0.0,0.0
2019-12-27 00:00:00-05:00,70.71832828705523,71.41064647415672,69.98957386132172,70.39767456054688,146266000,0.0,0.0
2019-12-30 00:00:00-05:00,70.31507996697236,71.09970819713352,69.28510946607318,70.81549072265625,144114400,0.0,0.0
2019-12-31 00:00:00-05:00,70.42925287455034,71.3401958778667,70.32965554992832,71.3329086303711,100805600,0.0,0.0
2020-01-02 00:00:00-05:00,71.96205202209624,73.02117874075441,71.70699099498641,72.96044921875,135480400,0.0,0.0
2020-01-03 00:00:00-05:00,72.18311237850111,73.01631968746577,72.0252170951796,72.25112915039062,146322800,0.0,0.0
2020-01-06 00:00:00-05:00,71.36692547771213,72.86572631416246,71.11428852559374,72.82685852050781,118387200,0.0,0.0
2020-01-07 00:00:00-05:00,72.83657898997731,73.09407164222071,72.2632957003105,72.4843521118164,108872000,0.0,0.0
2020-01-08 00:00:00-05:00,72.18555637010449,73.95400015722589,72.18555637010449,73.65035247802734,132079200,0.0,0.0
2020-01-09 00:00:00-05:00,74.6341666572654,75.40907611376998,74.38153713025149,75.2147445678711,170108400,0.0,0.0
2020-01-10 00:00:00-05:00,75.45038116016735,75.95322352509825,74.87952200770526,75.3847885131836,140644800,0.0,0.0
2020-01-13 00:00:00-05:00,75.70300445138741,77.0220480285397,75.58396953474416,76.99532318115234,121532000,0.0,0.0
2020-01-14 00:00:00-05:00,76.9321861009411,77.14352371913678,75.83176710601512,75.95565032958984,161954400,0.0,0.0
2020-01-15 00:00:00-05:00,75.75401756716514,76.64066722675354,75.19530144052784,75.630126953125,121923600,0.0,0.0
2020-01-16 00:00:00-05:00,76.17670118665582,76.68926233414037,75.8123239644409,76.5775146484375,108829200,0.0,0.0
2020-01-17 00:00:00-05:00,76.82770907210639,77.4277171088592,76.51920573680277,77.42529296875,137816400,0.0,0.0
2020-01-21 00:00:00-05:00,77.0512123222152,77.49574929639834,76.76213911665702,76.90060424804688,110843200,0.0,0.0
2020-01-22 00:00:00-05:00,77.38886398708397,77.73137948155154,77.08036059331586,77.17510223388672,101832400,0.0,0.0
2020-01-23 00:00:00-05:00,77.22852319233262,77.62690500893983,76.67709437812859,77.54674530029297,104472000,0.0,0.0
2020-01-24 00:00:00-05:00,77.79453449068308,78.5427191015401,77.13136529837755,77.32327270507812,146537600,0.0,0.0
2020-01-27 00:00:00-05:00,75.3191884607343,75.7345763523856,74.06087443233835,75.04955291748047,161940000,0.0,0.0
2020-01-28 00:00:00-05:00,75.9362084433021,77.34513062313609,75.83661112103543,77.17266082763672,162234000,0.0,0.0
2020-01-29 00:00:00-05:00,78.81478026574044,79.64070032052312,78.06901992186928,78.78805541992188,216229200,0.0,0.0
2020-01-30 00:00:00-05:00,77.86496754355936,78.72732380770978,77.43014208172157,78.67388153076172,126743200,0.0,0.0
2020-01-31 00:00:00-05:00,77.95971353947277,78.38482026619714,74.88923223677699,75.18559265136719,199588400,0.0,0.0
2020-02-03 00:00:00-05:00,73.91998381858045,76.15240202105387,73.4147173712175,74.97911071777344,173788400,0.0,0.0
2020-02-04 00:00:00-05:00,76.5945202000946,77.64635992615074,76.1864194930524,77.45445251464844,136616400,0.0,0.0
2020-02-05 00:00:00-05:00,78.58887926099938,78.89010281585138,77.4787489207456,78.08604431152344,118826800,0.0,0.0
2020-02-06 00:00:00-05:00,78.35810488329658,79.0018364608332,77.7969645823804,78.99940490722656,105425600,0.0,0.0
2020-02-07 00:00:00-05:00,78.49537477478988,78.74617398508578,77.43130426672991,77.92559814453125,117684000,0.1925,0.0
2020-02-10 00:00:00-05:00,76.50114572977228,78.29570007324219,76.42079576655927,78.29570007324219,109348800,0.0,0.0
2020-02-11 00:00:00-05:00,78.79485942536529,78.86790483800578,77.6041671832633,77.82331085205078,94323200,0.0,0.0
2020-02-12 00:00:00-05:00,78.27622081657442,79.6763149715071,78.27622081657442,79.67144775390625,113730400,0.0,0.0
2020-02-13 00:00:00-05:00,78.93852851537181,79.4328223409646,78.73399390797482,79.1041030883789,94747600,0.0,0.0
2020-02-14 00:00:00-05:00,79.07244933588716,79.37438775133607,78.61224831683451,79.12358856201172,80113600,0.0,0.0
2020-02-18 00:00:00-05:00,76.78845783830168,77.85740275965962,76.60583687795845,77.6747817993164,152531200,0.0,0.0
2020-02-19 00:00:00-05:00,77.91829413883697,79.03106656041545,77.91829413883697,78.79974365234375,93984000,0.0,0.0
2020-02-20 00:00:00-05:00,78.55867970058027,79.05053621585193,77.48243008372343,77.9913330078125,100566000,0.0,0.0
2020-02-21 00:00:00-05:00,77.58227268657049,78.02787210613334,75.60509710107856,76.22600555419922,129554000,0.0,0.0
2020-02-24 00:00:00-05:00,72.38122132426051,74.06620012438582,70.42595960124538,72.60523223876953,222195200,0.0,0.0
2020-02-25 00:00:00-05:00,73.27970945595496,73.66442768909558,69.67111737486616,70.14592742919922,230673600,0.0,0.0
2020-02-26 00:00:00-05:00,69.76852659634899,72.53219255131171,69.76122205357808,71.25871276855469,198054800,0.0,0.0
2020-02-27 00:00:00-05:00,68.44634822721794,69.63947053695743,66.46429819127296,66.60065460205078,320605600,0.0,0.0
2020-02-28 00:00:00-05:00,62.641433521304165,67.79134367581914,62.42471972469086,66.56169128417969,426510000,0.0,0.0
2020-03-02 00:00:00-05:00,68.7336701684778,73.39902859923191,67.62333514822544,72.75863647460938,341397200,0.0,0.0
2020-03-03 00:00:00-05:00,73.9420177843642,74.02236774292496,69.59076249123223,70.44786834716797,319475600,0.0,0.0
2020-03-04 00:00:00-05:00,72.18155520777088,73.87627590444757,71.37558850440585,73.71556854248047,219178400,0.0,0.0
2020-03-05 00:00:00-05:00,71.95755079289655,72.93883413289814,70.95679114655182,71.32447052001953,187572800,0.0,0.0
2020-03-06 00:00:00-05:00,68.66548376691425,70.81310812771287,68.47799558209515,70.37725067138672,226176800,0.0,0.0
2020-03-09 00:00:00-04:00,64.22171379977594,67.7134261815839,64.03909281266758,64.81097412109375,286744800,0.0,0.0
2020-03-10 00:00:00-04:00,67.48209335356545,69.74659003849291,65.59013565834782,69.47874450683594,285290000,0.0,0.0
2020-03-11 00:00:00-04:00,67.54298208080284,68.47556328690037,66.19644958150386,67.06572723388672,255598800,0.0,0.0
2020-03-12 00:00:00-04:00,62.32002194958239,65.74355616894786,60.386673814441,60.44267654418945,418474000,0.0,0.0
2020-03-13 00:00:00-04:00,64.49929754000874,68.15902161295449,61.591967283336075,67.6842041015625,370732000,0.0,0.0
2020-03-16 00:00:00-04:00,58.913529985849465,63.084590825284316,58.438716160135066,58.97684097290039,322423600,0.0,0.0
2020-03-17 00:00:00-04:00,60.26735159278515,62.72664500651529,58.049115473114504,61.57004928588867,324056000,0.0,0.0
2020-03-18 00:00:00-04:00,58.382712667794614,60.87366187124457,57.737449622699344,60.06282424926758,300233600,0.0,0.0
2020-03-19 00:00:00-04:00,60.23814805678248,61.5651933047197,59.0742437967521,59.60262680053711,271857200,0.0,0.0
2020-03-20 00:00:00-04:00,60.187004982271226,61.31925731858045,55.51677944240989,55.8187141418457,401693200,0.0,0.0
2020-03-23 00:00:00-04:00,55.53625938132618,55.63852668693374,51.76939690533061,54.63289260864258,336752800,0.0,0.0
2020-03-24 00:00:00-04:00,57.55239186053872,60.311186510554144,57.0507935087965,60.113956451416016,287531200,0.0,0.0
2020-03-25 00:00:00-04:00,61.056282351978965,62.882492193015224,59.485742631774464,59.782806396484375,303602000,0.0,0.0
2020-03-26 00:00:00-04:00,60.02631190455092,62.987204505569615,59.987351862521095,62.928768157958984,252087200,0.0,0.0
2020-03-27 00:00:00-04:00,61.54327497481043,62.3029771208723,60.15535616356909,60.323368072509766,204216800,0.0,0.0
2020-03-30 00:00:00-04:00,61.05384721893447,62.217751297997914,60.72756157841863,62.04486846923828,167976400,0.0,0.0
2020-03-31 00:00:00-04:00,62.23723597474598,63.91491030172109,61.360653721127846,61.91825485229492,197002000,0.0,0.0
2020-04-01 00:00:00-04:00,60.02143550740619,60.561993966208604,58.22688099780713,58.660301208496094,176218400,0.0,0.0
2020-04-02 00:00:00-04:00,58.52150530712856,59.69271401954269,57.68388308777782,59.63914489746094,165934000,0.0,0.0
2020-04-03 00:00:00-04:00,59.120504703444354,59.82663773739047,58.18791970171023,58.782047271728516,129880000,0.0,0.0
2020-04-06 00:00:00-04:00,61.092817832777506,64.06588599479834,60.72270856940944,63.91005325317383,201820400,0.0,0.0
2020-04-07 00:00:00-04:00,65.93834803615785,66.15749916514854,63.065114147720465,63.16981506347656,202887200,0.0,0.0
2020-04-08 00:00:00-04:00,63.97577977568844,65.1031611555802,63.608107919749294,64.78662109375,168895200,0.0,0.0
2020-04-09 00:00:00-04:00,65.42702170013561,65.76060821367936,64.4530430067558,65.25413513183594,161834800,0.0,0.0
2020-04-13 00:00:00-04:00,65.33204047057576,66.64448003061048,64.7281711418122,66.53490447998047,131022800,0.0,0.0
2020-04-14 00:00:00-04:00,68.17849971943602,70.18733051474082,67.70368219547181,69.89513397216797,194994800,0.0,0.0
2020-04-15 00:00:00-04:00,68.76289300903163,69.71982527437042,68.33191012020447,69.25718688964844,131154400,0.0,0.0
2020-04-16 00:00:00-04:00,69.97548410893074,70.17515147795481,68.75070648464141,69.8074722290039,157125200,0.0,0.0
2020-04-17 00:00:00-04:00,69.3204990259651,69.87079936462531,67.41393157577333,68.86029052734375,215250000,0.0,0.0
2020-04-20 00:00:00-04:00,67.67934618568181,68.58757654482397,67.41150056374765,67.43097686767578,130015200,0.0,0.0
2020-04-21 00:00:00-04:00,67.27270819046615,67.5088983213228,64.63078949316058,65.34666442871094,180991600,0.0,0.0
2020-04-22 00:00:00-04:00,66.62255991576929,67.66715392412019,66.27923903813223,67.22886657714844,116862400,0.0,0.0
2020-04-23 00:00:00-04:00,67.1728726414084,68.60462247326757,66.92937797424507,66.96833801269531,124814400,0.0,0.0
2020-04-24 00:00:00-04:00,67.49670361849219,68.91140659817201,67.448001727931,68.90166473388672,126161200,0.0,0.0
2020-04-27 00:00:00-04:00,68.61678452920935,69.28396487586167,68.16632540336357,68.95037841796875,117087600,0.0,0.0
2020-04-28 00:00:00-04:00,69.41544830525964,69.59806928421689,67.7402114335532,67.83273315429688,112004800,0.0,0.0
2020-04-29 00:00:00-04:00,69.33023835904042,70.53310259372547,69.12570373297504,70.06072235107422,137280800,0.0,0.0
2020-04-30 00:00:00-04:00,70.60370069163748,71.71647293189919,70.21167790494468,71.5387191772461,183064000,0.0,0.0
2020-05-01 00:00:00-04:00,69.70033677862673,72.80489326396295,69.60294041427964,70.38699340820312,240616800,0.0,0.0
2020-05-04 00:00:00-04:00,70.41136261968127,71.51195594091152,69.71740126855697,71.38290405273438,133568000,0.0,0.0
2020-05-05 00:00:00-04:00,71.84554033309428,73.29189933978404,71.6994420376055,72.45427703857422,147751200,0.0,0.0
2020-05-06 00:00:00-04:00,73.16040012545845,73.83731495214363,72.77324452542415,73.20179748535156,142333600,0.0,0.0
2020-05-07 00:00:00-04:00,73.83245374571914,74.30727132206506,73.52808540982241,73.95906829833984,115215200,0.0,0.0
2020-05-08 00:00:00-04:00,74.62315813929813,75.7731202527057,74.2935490759445,75.71940612792969,133838400,0.205,0.0
2020-05-11 00:00:00-04:00,75.22378506912231,77.40895704459382,75.01380893275531,76.910888671875,145946400,0.0,0.0
2020-05-12 00:00:00-04:00,77.5993921006945,78.05352200297212,75.90985212692861,76.03192901611328,162301200,0.0,0.0
2020-05-13 00:00:00-04:00,76.21262206309486,77.14041115486908,74.02988606875752,75.11392974853516,200622400,0.0,0.0
2020-05-14 00:00:00-04:00,74.34727744904629,75.63640923974555,73.61969642873018,75.57537078857422,158929200,0.0,0.0
2020-05-15 00:00:00-04:00,73.33160200139166,75.17496037894578,73.29741688980539,75.12857055664062,166348400,0.0,0.0
2020-05-18 00:00:00-04:00,76.46163651490073,77.27466525957915,75.7657968067272,76.89866638183594,135178400,0.0,0.0
2020-05-19 00:00:00-04:00,76.91576193676656,77.76785621054677,76.42257400326021,76.45431518554688,101729600,0.0,0.0
2020-05-20 00:00:00-04:00,77.31863402932152,78.01203002077207,77.279568521932,77.94123077392578,111504800,0.0,0.0
2020-05-21 00:00:00-04:00,77.80204807649838,78.34651371377802,77.12085691208723,77.3601303100586,102688800,0.0,0.0
2020-05-22 00:00:00-04:00,77.09644159912,77.94121909928647,76.99390117719254,77.85820770263672,81803200,0.0,0.0
2020-05-26 00:00:00-04:00,78.98375972155807,79.16443116164515,77.2746830042446,77.33084106445312,125522000,0.0,0.0
2020-05-27 00:00:00-04:00,77.18677933485878,77.81424888467352,76.44210583768931,77.66775512695312,112945200,0.0,0.0
2020-05-28 00:00:00-04:00,77.34059215798456,78.96910119007099,77.06226071627856,77.70194244384766,133560800,0.0,0.0
2020-05-29 00:00:00-04:00,77.94609206740705,78.40998274613182,77.26734487618276,77.62625122070312,153532400,0.0,0.0
2020-06-01 00:00:00-04:00,77.57986249619655,78.70297135848581,77.44801737058897,78.58089447021484,80791200,0.0,0.0
2020-06-02 00:00:00-04:00,78.3123218887695,78.96909612750055,77.8679602382188,78.9446792602539,87642800,0.0,0.0
2020-06-03 00:00:00-04:00,79.26696381308214,79.64296270492349,78.69075704172954,79.3792724609375,104491200,0.0,0.0
2020-06-04 00:00:00-04:00,79.20105598481533,79.50136039483631,78.31965687865682,78.6956558227539,87560400,0.0,0.0
2020-06-05 00:00:00-04:00,78.94713674921213,80.99802728368147,78.9178394838742,80.9369888305664,137250400,0.0,0.0
2020-06-08 00:00:00-04:00,80.63179570043134,81.44971245359976,79.9164268258292,81.41552734375,95654400,0.0,0.0
2020-06-09 00:00:00-04:00,81.09324880991319,84.38199342819401,81.06150762293343,83.98646545410156,147712400,0.0,0.0
2020-06-10 00:00:00-04:00,84.9411040787945,86.61843946398415,84.49918630442218,86.14722442626953,166651600,0.0,0.0
2020-06-11 00:00:00-04:00,85.28538024858497,85.71264948358586,81.9087358012681,82.01127624511719,201662400,0.0,0.0
2020-06-12 00:00:00-04:00,84.16470852638217,84.91669904390929,81.60109331288253,82.71931457519531,200146000,0.0,0.0
2020-06-15 00:00:00-04:00,81.36423911451597,84.39906851065685,81.20065281970993,83.74229431152344,138808800,0.0,0.0
2020-06-16 00:00:00-04:00,85.81028052030848,86.23511313985671,84.16468652162492,85.96165466308594,165428800,0.0,0.0
2020-06-17 00:00:00-04:00,86.71122031550253,86.77225876531648,85.71995648660257,85.84203338623047,114406400,0.0,0.0
2020-06-18 00:00:00-04:00,85.79810494202444,86.29618088009059,85.26340741681759,85.87623596191406,96820400,0.0,0.0
2020-06-19 00:00:00-04:00,86.58668429769853,87.05545529711176,84.26966028211316,85.38544464111328,264476000,0.0,0.0
2020-06-22 00:00:00-04:00,85.78099096375101,87.76351852973666,85.7346011479622,87.61946868896484,135445200,0.0,0.0
2020-06-23 00:00:00-04:00,88.87197629065678,90.91798616774716,88.44958756714158,89.48968505859375,212155600,0.0,0.0
2020-06-24 00:00:00-04:00,89.11613158631229,90.04147651837395,87.5340123760702,87.9100112915039,192623200,0.0,0.0
2020-06-25 00:00:00-04:00,88.06628682155974,89.11614527869624,87.30208416440975,89.07707977294922,137522400,0.0,0.0
2020-06-26 00:00:00-04:00,88.97210420810973,89.19428510281982,86.19118831653523,86.34012603759766,205256800,0.0,0.0
2020-06-29 00:00:00-04:00,86.24731711680333,88.42517196970624,85.7663339037744,88.32994842529297,130646000,0.0,0.0
2020-06-30 00:00:00-04:00,87.91489271166832,89.35540602176984,87.89536368705896,89.06729888916016,140223200,0.0,0.0
2020-07-01 00:00:00-04:00,89.14543194441399,89.69233405786997,88.85000794037562,88.89883422851562,110737200,0.0,0.0
2020-07-02 00:00:00-04:00,89.81197448342532,90.45165623062455,88.78408909844448,88.89883422851562,114041600,0.0,0.0
2020-07-06 00:00:00-04:00,90.33689250653677,91.74810096170773,90.30515132512066,91.27688598632812,118655600,0.0,0.0
2020-07-07 00:00:00-04:00,91.65777382885273,92.44150539677044,90.8813665764863,90.9936752319336,112424400,0.0,0.0
2020-07-08 00:00:00-04:00,91.97761665726026,93.1446714829125,91.88971741778518,93.11293029785156,117092000,0.0,0.0
2020-07-09 00:00:00-04:00,94.01140449894359,94.06511862543488,92.45859012561972,93.51333618164062,125642800,0.0,0.0
2020-07-10 00:00:00-04:00,93.10560667676778,93.73552763626107,92.49034179978169,93.67692565917969,90257200,0.0,0.0
2020-07-13 00:00:00-04:00,94.99047195492196,97.61756909235602,93.02991733962003,93.2447738647461,191649200,0.0,0.0
2020-07-14 00:00:00-04:00,92.62217620847721,94.9807026633358,91.68219009795327,94.78782653808594,170989200,0.0,0.0
2020-07-15 00:00:00-04:00,96.67514552972717,96.92662366901607,94.2336073032396,95.43972778320312,153198000,0.0,0.0
2020-07-16 00:00:00-04:00,94.30439295063621,95.12718995716818,93.66226734822627,94.26532745361328,110577600,0.0,0.0
2020-07-17 00:00:00-04:00,94.71947504038641,94.87572960670107,93.59880247822326,94.07490539550781,92186800,0.0,0.0
2020-07-20 00:00:00-04:00,94.16279057789745,96.19658826455094,93.81608893566928,96.05741882324219,90318000,0.0,0.0
2020-07-21 00:00:00-04:00,96.85336350753889,96.92905058320035,94.48018846977993,94.7316665649414,103433200,0.0,0.0
2020-07-22 00:00:00-04:00,94.43134895287321,95.68385895876636,94.34345717399448,94.99778747558594,89001600,0.0,0.0
2020-07-23 00:00:00-04:00,94.72921866063636,94.80734965512572,89.85835542884452,90.673828125,197004400,0.0,0.0
2020-07-24 00:00:00-04:00,88.85977501150069,90.79591278146435,87.06035531712318,90.44921112060547,185438800,0.0,0.0
2020-07-27 00:00:00-04:00,91.51859753030476,92.68565224365365,91.29398023622748,92.5928726196289,121214000,0.0,0.0
2020-07-28 00:00:00-04:00,92.16071624043605,92.33895116015368,91.06690475891486,91.07179260253906,103625600,0.0,0.0
2020-07-29 00:00:00-04:00,91.5576553917157,93.00304885659793,91.52103381975523,92.81748962402344,90329200,0.0,0.0
2020-07-30 00:00:00-04:00,91.98493111832374,94.04558949446505,91.57475458067006,93.94060516357422,158130000,0.0,0.0
2020-07-31 00:00:00-04:00,100.4790549895124,103.92650538649285,98.4672226498631,103.77513122558594,374336800,0.0,0.0
2020-08-03 00:00:00-04:00,105.66975798310388,109.02687261630186,105.3694535881811,106.3900146484375,308151200,0.0,0.0
2020-08-04 00:00:00-04:00,106.58044565890344,108.19918635738205,105.85286473690624,107.10049438476562,173071600,0.0,0.0
2020-08-05 00:00:00-04:00,106.81972189865739,107.81098564220132,106.3509433660196,107.48870086669922,121776800,0.0,0.0
2020-08-06 00:00:00-04:00,107.82319026065674,111.73697502440952,107.2298983682839,111.23889923095703,202428800,0.0,0.0
2020-08-07 00:00:00-04:00,110.75706674724277,111.2169047025514,107.9075478860454,108.7098159790039,198045600,0.205,0.0
2020-08-10 00:00:00-04:00,110.16513351953161,111.31472827829626,107.62135747216374,110.28987884521484,212403600,0.0,0.0
2020-08-11 00:00:00-04:00,109.54875147960229,110.0501661460751,106.74814746059798,107.0098648071289,187902400,0.0,0.0
2020-08-12 00:00:00-04:00,108.10809485183603,110.82553795218669,107.91242264632587,110.56626892089844,165598000,0.0,0.0
2020-08-13 00:00:00-04:00,111.95555046109844,113.53318452819877,111.46391420062787,112.52301025390625,210082000,0.0,0.0
2020-08-14 00:00:00-04:00,112.34691358163057,112.51323570381982,110.60050890539499,112.42273712158203,165565200,0.0,0.0
2020-08-17 00:00:00-04:00,113.55276556943713,113.5772264625508,111.49817744297037,112.12922668457031,119561600,0.0,0.0
2020-08-18 00:00:00-04:00,111.87973413875719,113.49160758349107,111.5421932494825,113.06356811523438,105633600,0.0,0.0
2020-08-19 00:00:00-04:00,113.4744839494531,114.62896783972914,113.11004130594074,113.20542907714844,145538000,0.0,0.0
2020-08-20 00:00:00-04:00,113.24702160116848,115.83238196352336,113.22989822976882,115.71742248535156,126907200,0.0,0.0
2020-08-21 00:00:00-04:00,116.6835648181217,122.16736558734742,116.67133810387742,121.68062591552734,338054800,0.0,0.0
2020-08-24 00:00:00-04:00,125.91454007173397,126.00015692916033,121.25747567923027,123.13595581054688,345937600,0.0,0.0
2020-08-25 00:00:00-04:00,122.00105558032983,122.47312025619314,120.39162271891506,122.12579345703125,211495600,0.0,0.0
2020-08-26 00:00:00-04:00,123.45149034380641,124.2464208847935,122.37771904552223,123.78658294677734,163022400,0.0,0.0
2020-08-27 00:00:00-04:00,124.39316434083105,124.72825690489135,121.15473491409578,122.30677795410156,155552400,0.0,0.0
2020-08-28 00:00:00-04:00,123.28760287488831,123.70830485401318,121.88363570167209,122.1086654663086,187630000,0.0,0.0
2020-08-31 00:00:00-04:00,124.82122071737325,128.167265083043,123.27538473636196,126.24964141845703,225702700,0.0,4.0
2020-09-01 00:00:00-04:00,129.8891959920652,131.8850914476288,127.70742163156027,131.2784881591797,151948100,0.0,0.0
2020-09-02 00:00:00-04:00,134.61475924160493,134.99632530991826,124.25376029300593,128.55860900878906,200119000,0.0,0.0
2020-09-03 00:00:00-04:00,124.16570405293437,126.05396260222423,117.89431019333963,118.2660903930664,257599600,0.0,0.0
2020-09-04 00:00:00-04:00,117.473598733343,121.02510070581732,108.49210731197947,118.34435272216797,332607200,0.0,0.0
2020-09-08 00:00:00-04:00,111.48594860876113,116.41696482732065,110.24341430183604,110.38038635253906,231366600,0.0,0.0
2020-09-09 00:00:00-04:00,114.7243732531883,116.5637174684947,112.767621229256,114.78307342529297,176940500,0.0,0.0
2020-09-10 00:00:00-04:00,117.75731820712585,117.8942902293262,110.06728340912197,111.03587341308594,182274400,0.0,0.0
2020-09-11 00:00:00-04:00,112.09255131972688,112.73828313925436,107.62137276785715,109.578125,180860300,0.0,0.0
2020-09-14 00:00:00-04:00,112.23929558642392,113.42312964723563,110.36081546337145,112.8654556274414,140150100,0.0,0.0
2020-09-15 00:00:00-04:00,115.77121927417028,116.26040721248985,111.153283942127,113.04154968261719,184642000,0.0,0.0
2020-09-16 00:00:00-04:00,112.73827098172556,113.49161722551716,109.61724911941053,109.7052993774414,154679000,0.0,0.0
2020-09-17 00:00:00-04:00,107.34742163466812,109.77379006389192,106.35925973197403,107.95401000976562,178011000,0.0,0.0
2020-09-18 00:00:00-04:00,108.01271741746692,108.48233374141338,103.79591156598448,104.52969360351562,287104900,0.0,0.0
2020-09-21 00:00:00-04:00,102.27943410408307,107.8072603303431,100.87057019050285,107.69963836669922,195713800,0.0,0.0
2020-09-22 00:00:00-04:00,110.24340936132316,110.41951734210869,106.79952908247097,109.39221954345703,183055400,0.0,0.0
2020-09-23 00:00:00-04:00,109.20631847673826,109.68572056818263,104.46118948442715,104.80362701416016,150718700,0.0,0.0
2020-09-24 00:00:00-04:00,102.8958173271734,107.8659699327694,102.72949517406609,105.87986755371094,167743300,0.0,0.0
2020-09-25 00:00:00-04:00,106.08531222380697,110.0086021568776,105.3417443580332,109.85205841064453,149981400,0.0,0.0
2020-09-28 00:00:00-04:00,112.52303525421074,112.82632945094544,110.34125330752386,112.47411346435547,137672400,0.0,0.0
2020-09-29 00:00:00-04:00,112.07299969621353,112.81656025373934,111.11418771020004,111.62294006347656,99382200,0.0,0.0
2020-09-30 00:00:00-04:00,111.32940881095854,114.72437481294465,111.16308667812301,113.30572509765625,142675200,0.0,0.0
2020-10-01 00:00:00-04:00,115.0961444192203,115.17441628549575,113.32528636512994,114.2645263671875,116120400,0.0,0.0
2020-10-02 00:00:00-04:00,110.44886361467357,112.87523932567396,109.79335350054465,110.5760498046875,144712000,0.0,0.0
2020-10-05 00:00:00-04:00,111.44682163620256,114.12756997603142,111.09460565410335,113.9808120727539,106243800,0.0,0.0
2020-10-06 00:00:00-04:00,113.1980963403711,113.60901991926502,109.82270224165035,110.71302795410156,161498200,0.0,0.0
2020-10-07 00:00:00-04:00,112.14146251227612,113.05135251280123,111.66205288633188,112.59151458740234,96849000,0.0,0.0
2020-10-08 00:00:00-04:00,113.73621448320127,113.88297238186941,112.11210667626302,112.48389434814453,83477200,0.0,0.0
2020-10-09 00:00:00-04:00,112.78718546176049,114.46999339659833,112.43496950030993,114.44064331054688,100506900,0.0,0.0
2020-10-12 00:00:00-04:00,117.46381310098332,122.4731006066533,116.70068106122454,121.70996856689453,240226800,0.0,0.0
2020-10-13 00:00:00-04:00,122.56115695757725,122.67856476354285,117.06268867214237,118.48133087158203,262330500,0.0,0.0
2020-10-14 00:00:00-04:00,118.38349551540938,120.36959759297284,117.03333932812605,118.56938934326172,150712000,0.0,0.0
2020-10-15 00:00:00-04:00,116.15279588054166,118.57916409620528,115.59512187848527,118.09976196289062,112559200,0.0,0.0
2020-10-16 00:00:00-04:00,118.65745941979213,118.92162516290865,116.2408691117252,116.44632720947266,115393800,0.0,0.0
2020-10-19 00:00:00-04:00,117.3659937794816,117.8160458810056,113.15898110988738,113.47206115722656,120639300,0.0,0.0
2020-10-20 00:00:00-04:00,113.6872860120702,116.4071775094948,113.1296120014492,114.96896362304688,124423700,0.0,0.0
2020-10-21 00:00:00-04:00,114.14712427959782,116.14301218299863,113.93188036877767,114.34280395507812,89946000,0.0,0.0
2020-10-22 00:00:00-04:00,114.91025304616798,115.48749874170305,112.11209721486115,113.24701690673828,101988000,0.0,0.0
2020-10-23 00:00:00-04:00,113.87318189890415,114.02972564162619,111.80880794436032,112.55237579345703,82572600,0.0,0.0
2020-10-26 00:00:00-04:00,111.54465234812307,114.0297283395073,110.43908266613683,112.56216430664062,111850700,0.0,0.0
2020-10-27 00:00:00-04:00,112.9926306930012,114.74392445115761,112.06317657301042,114.07862854003906,92276800,0.0,0.0
2020-10-28 00:00:00-04:00,112.56215590147823,112.93393607485315,108.69756642485324,108.79540252685547,143937800,0.0,0.0
2020-10-29 00:00:00-04:00,109.94009583235845,114.40148727432285,109.77376626659623,112.82630157470703,146129200,0.0,0.0
2020-10-30 00:00:00-04:00,108.65842839365985,109.56831830710695,105.39065637048557,106.5060043334961,190272600,0.0,0.0
2020-11-02 00:00:00-05:00,106.75060521038046,108.28665522105837,104.99931128690163,106.41795349121094,122866900,0.0,0.0
2020-11-03 00:00:00-05:00,107.2887096931776,109.07913199926361,106.37881976590735,108.05184173583984,107624400,0.0,0.0
2020-11-04 00:00:00-05:00,111.67183515667934,113.09047735965515,109.92054123484668,112.46431732177734,138235500,0.0,0.0
2020-11-05 00:00:00-05:00,115.39943741419518,117.03333088255557,114.34279708772816,116.45608520507812,126387100,0.0,0.0
2020-11-06 00:00:00-05:00,115.96115754844327,116.82361106778909,113.81481526654335,116.32378387451172,114457900,0.205,0.0
2020-11-09 00:00:00-05:00,118.09769727661704,119.55799036091796,113.73641601126123,114.00102996826172,154515300,0.0,0.0
2020-11-10 00:00:00-05:00,113.24639494587703,115.24571886856748,111.85469842301153,113.65802001953125,138023400,0.0,0.0
2020-11-11 00:00:00-05:00,114.8536913681918,117.24504221075964,114.11864343977135,117.10783386230469,112295000,0.0,0.0
2020-11-12 00:00:00-05:00,117.23524959883638,118.12710388390346,116.20617948492614,116.83341979980469,103162300,0.0,0.0
2020-11-13 00:00:00-05:00,117.05883520286605,117.2842457137254,115.52013517114815,116.8824234008789,81581900,0.0,0.0
2020-11-16 00:00:00-05:00,116.54920222560106,118.57793428710224,115.79455628002775,117.90169525146484,91183000,0.0,0.0
2020-11-17 00:00:00-05:00,117.16664047089516,118.26430723689143,116.58839889041295,117.00982666015625,74271000,0.0,0.0
2020-11-18 00:00:00-05:00,116.24537977450626,117.43125619620365,115.6475401973365,115.67694091796875,76322100,0.0,0.0
2020-11-19 00:00:00-05:00,115.24570262763379,116.68639765968918,114.4812540336355,116.27477264404297,74113000,0.0,0.0
2020-11-20 00:00:00-05:00,116.27478033402527,116.4021859490199,114.95169556634787,115.00069427490234,73604300,0.0,0.0
2020-11-23 00:00:00-05:00,114.84388330512283,115.27511379584844,111.48226396941487,111.58026885986328,127959300,0.0,0.0
2020-11-24 00:00:00-05:00,111.63908721911127,113.54040618197637,110.34539563750577,112.87396240234375,113874200,0.0,0.0
2020-11-25 00:00:00-05:00,113.2463856531562,114.42245933203247,112.87395658891991,113.71681213378906,76499200,0.0,0.0
2020-11-27 00:00:00-05:00,114.24604989995697,115.14770690426649,113.90302902628426,114.2656478881836,46691300,0.0,0.0
2020-11-30 00:00:00-05:00,114.63808559868086,118.55834154130936,114.48127177187422,116.67662048339844,169410200,0.0,0.0
2020-12-01 00:00:00-05:00,118.59752920497398,121.00848539136021,117.61746534982704,120.2734375,127728200,0.0,0.0
2020-12-02 00:00:00-05:00,119.58740122571412,120.91049355483901,118.47993164166108,120.62627410888672,89004200,0.0,0.0
2020-12-03 00:00:00-05:00,121.0574984984981,121.3123172247913,119.77361708826167,120.48906707763672,78967600,0.0,0.0
2020-12-04 00:00:00-05:00,120.1558413289036,120.4106600549632,119.09737044585115,119.81282043457031,78260400,0.0,0.0
2020-12-07 00:00:00-05:00,119.87162627492364,122.0865730238594,119.81282482725202,121.28292083740234,86712000,0.0,0.0
2020-12-08 00:00:00-05:00,121.89054959331206,122.48838916882056,120.6360615238998,121.90034484863281,82225500,0.0,0.0
2020-12-09 00:00:00-05:00,122.04736400617581,123.43905303783252,118.58773941626674,119.35218811035156,115089200,0.0,0.0
2020-12-10 00:00:00-05:00,118.09770042219822,121.40051847023,117.75467955128552,120.78307342529297,81312200,0.0,0.0
2020-12-11 00:00:00-05:00,119.98922536865444,120.31264825503678,118.14670790095431,119.9696273803711,86939800,0.0,0.0
2020-12-14 00:00:00-05:00,120.15584026019646,120.89088823178488,119.11697485308576,119.35218811035156,79184500,0.0,0.0
2020-12-15 00:00:00-05:00,121.86115420674315,125.35018713232998,121.65534166395801,125.33058166503906,157243700,0.0,0.0
2020-12-16 00:00:00-05:00,124.86994331801738,125.81079627411093,124.03688303299103,125.261962890625,98208600,0.0,0.0
2020-12-17 00:00:00-05:00,126.33024137298129,126.99669265752362,125.4873857497772,126.13423156738281,94359800,0.0,0.0
2020-12-18 00:00:00-05:00,126.38905302017727,126.52626137439464,123.60566752613698,124.13490295410156,192541500,0.0,0.0
2020-12-21 00:00:00-05:00,122.52758734438038,125.75199852150806,120.98888729715962,125.67359161376953,121251600,0.0,0.0
2020-12-22 00:00:00-05:00,128.98621777813545,131.73039984438088,127.06528584538691,129.25083923339844,168904800,0.0,0.0
2020-12-23 00:00:00-05:00,129.52524048540099,129.78984695449336,128.17274760280156,128.3491668701172,88223700,0.0,0.0
2020-12-24 00:00:00-05:00,128.70198429267757,130.79932020854358,128.486369062156,129.33901977539062,54930100,0.0,0.0
2020-12-28 00:00:00-05:00,131.31879570965455,134.6020015110776,130.84835416873509,133.9649658203125,124486200,0.0,0.0
2020-12-29 00:00:00-05:00,135.29782435661724,136.02306207152367,131.6617807083858,132.18121337890625,121047300,0.0,0.0
2020-12-30 00:00:00-05:00,132.87708847045135,133.27891832845066,130.74054102041413,131.05416870117188,96452100,0.0,0.0
2020-12-31 00:00:00-05:00,131.40696592001,132.0538116654566,129.09401458095473,130.044677734375,99116600,0.0,0.0
2021-01-04 00:00:00-05:00,130.85813364680448,130.94633580703945,124.23289971413912,126.83007049560547,143301900,0.0,0.0
2021-01-05 00:00:00-05:00,126.32041720101246,129.113604893823,125.86958129220542,128.3981475830078,97664900,0.0,0.0
2021-01-06 00:00:00-05:00,125.17376990578512,128.4373846803105,123.86048031393847,124.07609558105469,155088000,0.0,0.0
2021-01-07 00:00:00-05:00,125.80100579015793,129.00581900656206,125.31097382851888,128.30996704101562,109578200,0.0,0.0
2021-01-08 00:00:00-05:00,129.78984878715235,129.9858735212904,127.6337113029224,129.4174346923828,105158200,0.0,0.0
2021-01-11 00:00:00-05:00,126.6144427164691,127.57490103802658,125.93819631240792,126.40862274169922,100384500,0.0,0.0
2021-01-12 00:00:00-05:00,125.93821659589929,127.10449508006637,124.33091232857878,126.23223876953125,91951100,0.0,0.0
2021-01-13 00:00:00-05:00,126.19302246069479,128.8293967461075,125.9284159748299,128.2805633544922,88636800,0.0,0.0
2021-01-14 00:00:00-05:00,128.19236230431835,128.38837209522544,126.19302355513615,126.34004211425781,90221800,0.0,0.0
2021-01-15 00:00:00-05:00,126.21263571898113,127.6239302157541,124.46812306452269,124.60533142089844,111598500,0.0,0.0
2021-01-19 00:00:00-05:00,125.23257950135442,126.14404681795794,124.40932931219588,125.28158569335938,90757300,0.0,0.0
2021-01-20 00:00:00-05:00,126.09500193528494,129.84864778133442,125.98719432778954,129.39781188964844,104319500,0.0,0.0
2021-01-21 00:00:00-05:00,131.13256866157343,136.8855396644958,130.92674863767607,134.141357421875,120150900,0.0,0.0
2021-01-22 00:00:00-05:00,133.56309886450578,137.06193395008458,132.32822381025952,136.2974853515625,114459400,0.0,0.0
2021-01-25 00:00:00-05:00,140.21775831324345,142.1974767504739,133.81792687897592,140.07073974609375,157611700,0.0,0.0
2021-01-26 00:00:00-05:00,140.73719980149374,141.42324162724535,138.55164626108407,140.30596923828125,98390600,0.0,0.0
2021-01-27 00:00:00-05:00,140.57055750870995,141.42322326785728,137.6107753083326,139.22787475585938,140843800,0.0,0.0
2021-01-28 00:00:00-05:00,136.73851177104422,139.15927066331062,133.97472455137003,134.35694885253906,142621100,0.0,0.0
2021-01-29 00:00:00-05:00,133.1220814011153,134.01394313968254,127.6141270657053,129.32923889160156,177523800,0.0,0.0
2021-02-01 00:00:00-05:00,131.08355020288366,132.6810591889554,128.31976275124455,131.4657745361328,106239800,0.0,0.0
2021-02-02 00:00:00-05:00,133.02406582296211,133.59250466610874,131.92639906631373,132.298828125,83305400,0.0,0.0
2021-02-03 00:00:00-05:00,133.05348410562365,133.06329431662377,130.9463524740098,131.269775390625,89880900,0.0,0.0
2021-02-04 00:00:00-05:00,133.58271959958614,134.66078097363777,131.9068036622608,134.65098571777344,84183100,0.0,0.0
2021-02-05 00:00:00-05:00,134.81295417727625,134.88165338870863,133.35047122607472,134.2338409423828,75693800,0.205,0.0
2021-02-08 00:00:00-05:00,133.51730794884872,134.43013715497378,132.42781081846812,134.3810577392578,71297200,0.0,0.0
2021-02-09 00:00:00-05:00,134.09638297023847,135.33311813431573,133.34061701100495,133.49765014648438,76774200,0.0,0.0
2021-02-10 00:00:00-05:00,133.9590073831441,134.45959651047104,131.91742627700557,132.88914489746094,73046600,0.0,0.0
2021-02-11 00:00:00-05:00,133.38969241299898,133.87064668047026,131.2990472801686,132.63392639160156,64280000,0.0,0.0
2021-02-12 00:00:00-05:00,131.8683585600043,133.02655498872804,131.22054616244554,132.8695068359375,60145100,0.0,0.0
2021-02-16 00:00:00-05:00,132.98728510675264,133.49766907907488,130.33714650899245,130.72976684570312,80576300,0.0,0.0
2021-02-17 00:00:00-05:00,128.82558692810153,129.77767055917244,127.07846778544076,128.42315673828125,97918500,0.0,0.0
2021-02-18 00:00:00-05:00,126.81347492254288,127.59870069141569,125.05654555672055,127.3140640258789,96856700,0.0,0.0
2021-02-19 00:00:00-05:00,127.83426027587197,128.29557980783787,126.42085702703473,127.47108459472656,87668800,0.0,0.0
2021-02-22 00:00:00-05:00,125.64545907494279,127.32387941557958,123.27997926169995,123.67259216308594,103916400,0.0,0.0
2021-02-23 00:00:00-05:00,121.47396325826719,124.369469194897,116.20315277769646,123.53517150878906,158273000,0.0,0.0
2021-02-24 00:00:00-05:00,122.63218410676127,123.24072703833266,119.97224253350845,123.03460693359375,111039900,0.0,0.0
2021-02-25 00:00:00-05:00,122.37696938740578,124.12408885797407,118.3134421390035,118.755126953125,148199500,0.0,0.0
2021-02-26 00:00:00-05:00,120.32559188429752,122.54384869827263,118.96126767943119,119.0201644897461,164560400,0.0,0.0
2021-03-01 00:00:00-05:00,121.46415126404422,125.56694067294622,120.52188480739993,125.42952728271484,116307900,0.0,0.0
2021-03-02 00:00:00-05:00,126.03807510223162,126.34234653325157,122.7008767886638,122.80884552001953,102260900,0.0,0.0
2021-03-03 00:00:00-05:00,122.5045620943898,123.38793918732114,119.58942143195023,119.80535888671875,112966300,0.0,0.0
2021-03-04 00:00:00-05:00,119.50108953700885,121.31691568320412,116.42890816508859,117.9110107421875,178155000,0.0,0.0
2021-03-05 00:00:00-05:00,118.74530242035381,119.68756873251981,115.39828717092428,119.17716979980469,153766600,0.0,0.0
2021-03-08 00:00:00-05:00,118.69624009319101,118.76494678766169,114.06342444183147,114.21065521240234,154376600,0.0,0.0
2021-03-09 00:00:00-05:00,116.83133285718505,119.8053629300348,116.59576812060918,118.85327911376953,129525800,0.0,0.0
2021-03-10 00:00:00-05:00,119.44219132282679,119.91332075312215,117.2435623532242,117.76377868652344,111943300,0.0,0.0
2021-03-11 00:00:00-05:00,120.27650267981959,120.93412497425857,119.02014740433371,119.70721435546875,103026500,0.0,0.0
2021-03-12 00:00:00-05:00,118.1760351757061,118.93180884034872,116.95894190901598,118.79439544677734,88105100,0.0,0.0
2021-03-15 00:00:00-04:00,119.16737686261392,121.7095320422577,118.19565827154729,121.69971466064453,92403800,0.0,0.0
2021-03-16 00:00:00-04:00,123.37812243010947,124.87004985870911,122.41622874841683,123.25052642822266,115227900,0.0,0.0
2021-03-17 00:00:00-04:00,121.75861340540118,123.5351775938727,120.08019308075576,122.45549774169922,111932600,0.0,0.0
2021-03-18 00:00:00-04:00,120.61020967641802,120.90467119810454,118.0974993149721,118.30361938476562,121229700,0.0,0.0
2021-03-19 00:00:00-04:00,117.68526375042573,119.18700109477864,117.46932629125669,117.77359771728516,185549500,0.0,0.0
2021-03-22 00:00:00-04:00,118.10733430639252,121.58194633342583,118.0386276062168,121.11080932617188,111912300,0.0,0.0
2021-03-23 00:00:00-04:00,121.05190525955409,121.94509225301304,119.88388401040922,120.27649688720703,95467100,0.0,0.0
2021-03-24 00:00:00-04:00,120.55131808198517,120.62984215140854,117.85211497541303,117.87174224853516,88530500,0.0,0.0
2021-03-25 00:00:00-04:00,117.33190275191556,119.41274560109315,116.80187653122503,118.36250305175781,98844700,0.0,0.0
2021-03-26 00:00:00-04:00,118.12693907101588,119.23607093337021,116.7233531876529,118.97105407714844,94071200,0.0,0.0
2021-03-29 00:00:00-04:00,119.4029427301749,120.31576452865491,118.49993831340082,119.14774322509766,80819200,0.0,0.0
2021-03-30 00:00:00-04:00,117.89136938116066,118.17601349804998,116.66445895756893,117.68524932861328,85671900,0.0,0.0
2021-03-31 00:00:00-04:00,119.40294302742625,121.2383965221934,118.91217877946187,119.89370727539062,118323800,0.0,0.0
2021-04-01 00:00:00-04:00,121.37580918409384,121.88620067249823,120.22741523036558,120.72799682617188,75089100,0.0,0.0
2021-04-05 00:00:00-04:00,121.5819233271185,123.82962421964439,120.79669762643559,123.57442474365234,88651200,0.0,0.0
2021-04-06 00:00:00-04:00,124.16334439507897,124.78170460017057,123.32904674071067,123.87870025634766,80171300,0.0,0.0
2021-04-07 00:00:00-04:00,123.5057272431835,125.55711811889329,122.82847021317987,125.53749084472656,83466700,0.0,0.0
2021-04-08 00:00:00-04:00,126.56809809420682,127.98150154184674,126.14604802475303,127.95205688476562,88844600,0.0,0.0
2021-04-09 00:00:00-04:00,127.40238611994633,130.58252847094536,127.0784799588382,130.54327392578125,106686700,0.0,0.0
2021-04-12 00:00:00-04:00,130.07215108437768,130.3960572618844,128.21706296006482,128.8157958984375,91420000,0.0,0.0
2021-04-13 00:00:00-04:00,129.99363676923406,132.17263123458838,129.49304764963819,131.94686889648438,91266500,0.0,0.0
2021-04-14 00:00:00-04:00,132.4474376091524,132.50632691369347,129.22802582747812,129.5911865234375,87222800,0.0,0.0
2021-04-15 00:00:00-04:00,131.3481318712733,132.5063281431517,131.17144897907667,132.01556396484375,89347100,0.0,0.0
2021-04-16 00:00:00-04:00,131.81928290021324,132.18244365908114,130.81811961878626,131.68186950683594,84922400,0.0,0.0
2021-04-19 00:00:00-04:00,131.0438392325455,132.96764130935236,130.8769812171334,132.34927368164062,94264200,0.0,0.0
2021-04-20 00:00:00-04:00,132.52598342182645,133.02655756950443,129.37527031943708,130.65126037597656,94812300,0.0,0.0
2021-04-21 00:00:00-04:00,129.91511570178113,131.27943974755678,128.87469786532532,131.0340576171875,68847100,0.0,0.0
2021-04-22 00:00:00-04:00,130.58252559654815,131.6720226683172,128.98264456420796,129.5028533935547,84566500,0.0,0.0
2021-04-23 00:00:00-04:00,129.7187928337014,132.62410841868342,129.7187928337014,131.83889770507812,78657500,0.0,0.0
2021-04-26 00:00:00-04:00,132.33949034124805,132.5652377042224,131.09294494433198,132.2315216064453,66905100,0.0,0.0
2021-04-27 00:00:00-04:00,132.51613555051105,132.90875587195677,131.63276603689243,131.9075927734375,66015800,0.0,0.0
2021-04-28 00:00:00-04:00,131.82906027564198,132.5259519410422,130.62178469041393,131.112548828125,107760100,0.0,0.0
2021-04-29 00:00:00-04:00,133.94916395152705,134.53808690318553,130.00341612005406,131.01438903808594,151101000,0.0,0.0
2021-04-30 00:00:00-04:00,129.34578900940835,131.0929080614394,128.64891235287703,129.03170776367188,109839500,0.0,0.0
2021-05-03 00:00:00-04:00,129.6010173631324,131.59353400941282,129.3949047639238,130.09178161621094,75135100,0.0,0.0
2021-05-04 00:00:00-04:00,128.76670421229628,129.0611657071479,124.35963661194259,125.48839569091797,137564700,0.0,0.0
2021-05-05 00:00:00-04:00,126.81347512451093,128.04038571003628,125.60619930189605,125.73380279541016,84000900,0.0,0.0
2021-05-06 00:00:00-04:00,125.52766472455559,127.35330812214698,124.78170105419838,127.34349822998047,78128300,0.0,0.0
2021-05-07 00:00:00-04:00,128.65115623421457,129.05425504712596,127.30416799805948,128.02191162109375,78973300,0.22,0.0
2021-05-10 00:00:00-04:00,127.23535453197269,127.36315976673093,124.67903980355449,124.71836853027344,88071200,0.0,0.0
2021-05-11 00:00:00-04:00,121.42465398991085,124.1481024428465,120.70691791681664,123.79415893554688,126142800,0.0,0.0
2021-05-12 00:00:00-04:00,121.32634248738806,122.54550297071903,120.19566601036595,120.70692443847656,112172300,0.0,0.0
2021-05-13 00:00:00-04:00,122.4865188867831,124.03013579516232,122.17189657110032,122.86996459960938,105861300,0.0,0.0
2021-05-14 00:00:00-04:00,124.12844918080833,125.74088942551751,123.73516942574057,125.30828094482422,81918000,0.0,0.0
2021-05-17 00:00:00-04:00,124.68887769797321,124.79702982448191,123.0666033015305,124.14811706542969,74244600,0.0,0.0
2021-05-18 00:00:00-04:00,124.43323968290852,124.85601411456012,122.68315261738856,122.7519760131836,63342900,0.0,0.0
2021-05-19 00:00:00-04:00,121.09037741336054,122.8207963216199,120.79541572383204,122.59466552734375,92612000,0.0,0.0
2021-05-20 00:00:00-04:00,123.12559773410281,125.57375286558064,122.99777749553732,125.17063903808594,76857100,0.0,0.0
2021-05-21 00:00:00-04:00,125.67207219519757,125.84904771859937,123.10593085646549,123.32223510742188,79295400,0.0,0.0
2021-05-24 00:00:00-04:00,123.89247751954538,125.79004529486531,123.82365412877988,124.96415710449219,63092900,0.0,0.0
2021-05-25 00:00:00-04:00,125.67207056710683,126.1636759045766,124.19727705826054,124.76753234863281,72009500,0.0,0.0
2021-05-26 00:00:00-04:00,124.82652065345364,125.24929508919779,124.29559409452928,124.71836853027344,56575900,0.0,0.0
2021-05-27 00:00:00-04:00,124.3152541496963,125.49508587003115,122.97810753268365,123.17474365234375,94625600,0.0,0.0
2021-05-28 00:00:00-04:00,123.45988105034735,123.68601935692706,122.45702475879061,122.5160140991211,71311100,0.0,0.0
2021-06-01 00:00:00-04:00,122.97809535282012,123.24355483818862,121.85725307915511,122.19153594970703,67637100,0.0,0.0
2021-06-02 00:00:00-04:00,122.19155888107954,123.13542584123648,121.96542807354795,122.95845031738281,59278900,0.0,0.0
2021-06-03 00:00:00-04:00,122.58483937781342,122.75198084543996,121.0608830522618,121.46399688720703,76229200,0.0,0.0
2021-06-04 00:00:00-04:00,121.98508974789847,124.039972653918,121.76878549450821,123.77450561523438,75169300,0.0,0.0
2021-06-07 00:00:00-04:00,124.04978415126696,124.19726498805609,122.73230567864118,123.7843246459961,71057600,0.0,0.0
2021-06-08 00:00:00-04:00,124.47257506384399,126.30132718099738,124.08912933803073,124.61022186279297,74403800,0.0,0.0
2021-06-09 00:00:00-04:00,125.07232505942952,125.60325164165815,124.39391762082829,124.99366760253906,56877900,0.0,0.0
2021-06-10 00:00:00-04:00,124.88551073893055,126.03585537406526,123.82366511592663,123.99080657958984,71186400,0.0,0.0
2021-06-11 00:00:00-04:00,124.40374840793106,125.29846007886702,123.98097396474365,125.20996856689453,53522400,0.0,0.0
2021-06-14 00:00:00-04:00,125.67208710072734,128.34637338093765,124.9346902492911,128.28738403320312,96906500,0.0,0.0
2021-06-15 00:00:00-04:00,127.75644851963473,128.4053612662623,127.2156878974451,127.46148681640625,62746300,0.0,0.0
2021-06-16 00:00:00-04:00,128.1792254082433,128.69049140003156,126.30133292342529,127.96292114257812,91815000,0.0,0.0
2021-06-17 00:00:00-04:00,127.61878313322693,130.32257084790388,127.47129480191151,129.57533264160156,96721700,0.0,0.0
2021-06-18 00:00:00-04:00,128.5134837988864,129.30002815655024,128.05138073745428,128.26768493652344,108953300,0.0,0.0
2021-06-21 00:00:00-04:00,128.11039100621346,130.18493434377666,127.03871139169313,130.0767822265625,79663300,0.0,0.0
2021-06-22 00:00:00-04:00,129.90962818267337,131.82685643622688,129.40818886856272,131.72853088378906,74783600,0.0,0.0
2021-06-23 00:00:00-04:00,131.522047429031,132.062807877181,130.9911135336217,131.45321655273438,60214200,0.0,0.0
2021-06-24 00:00:00-04:00,132.19062272652272,132.37743225883324,130.69616147041026,131.16810607910156,68711000,0.0,0.0
2021-06-25 00:00:00-04:00,131.21729341159795,131.6400603250134,130.5782072602642,130.8731689453125,70783700,0.0,0.0
2021-06-28 00:00:00-04:00,131.16814808855636,132.97722466082084,131.10915874417026,132.51512145996094,62111300,0.0,0.0
2021-06-29 00:00:00-04:00,132.53477438110713,134.19637740191195,132.09233934655774,134.0390625,64556100,0.0,0.0
2021-06-30 00:00:00-04:00,133.8817448474553,135.1009128086626,133.58678316302417,134.65847778320312,63261400,0.0,0.0
2021-07-01 00:00:00-04:00,134.3045328045401,135.02226143379175,133.47863705050207,134.96327209472656,52485800,0.0,0.0
2021-07-02 00:00:00-04:00,135.58266720663053,137.64738396708654,135.4351938676155,137.60806274414062,78852600,0.0,0.0
2021-07-06 00:00:00-04:00,137.71622481153565,140.744454275541,137.71622481153565,139.63345336914062,108181800,0.0,0.0
2021-07-07 00:00:00-04:00,141.1279043666639,142.45522456439843,140.2627023511164,142.14060974121094,104911600,0.0,0.0
2021-07-08 00:00:00-04:00,139.20083843867712,141.6391593889037,138.3061268190301,140.83294677734375,105575500,0.0,0.0
2021-07-09 00:00:00-04:00,140.35118167023117,143.20244310776562,140.25285610243677,142.67152404785156,99890800,0.0,0.0
2021-07-12 00:00:00-04:00,143.75303313697634,143.86118525146125,141.58016429227942,142.07176208496094,76299700,0.0,0.0
2021-07-13 00:00:00-04:00,141.6096661217469,144.9820349513387,141.21639386866104,143.19261169433594,100827100,0.0,0.0
2021-07-14 00:00:00-04:00,145.61130266149084,147.0566016745844,145.1983472271408,146.64364624023438,127050800,0.0,0.0
2021-07-15 00:00:00-04:00,146.73213213472107,147.47935546823817,144.61825237158413,145.98489379882812,106820300,0.0,0.0
2021-07-16 00:00:00-04:00,145.96523009347203,147.24337241287196,143.42858356322301,143.9300079345703,93251400,0.0,0.0
2021-07-19 00:00:00-04:00,141.33435529017248,141.64898505613135,139.2893068185586,140.0561981201172,121434600,0.0,0.0
2021-07-20 00:00:00-04:00,141.04927715885898,144.62810929841564,140.55767925506066,143.69406127929688,96350000,0.0,0.0
2021-07-21 00:00:00-04:00,143.0844700229289,143.67439344801087,142.19959988768187,142.95664978027344,74993500,0.0,0.0
2021-07-22 00:00:00-04:00,143.4875809917174,145.70959784395538,143.35976075162,144.3331298828125,77338200,0.0,0.0
2021-07-23 00:00:00-04:00,145.07051543121153,146.22085249601614,144.45109739540348,146.06353759765625,71447400,0.0,0.0
2021-07-26 00:00:00-04:00,145.77842604313076,147.312208886389,145.21799731066125,146.486328125,72434100,0.0,0.0
2021-07-27 00:00:00-04:00,146.614151001067,146.7026500237304,143.10414984165044,144.30364990234375,104818600,0.0,0.0
2021-07-28 00:00:00-04:00,142.37659019341268,144.50029685318236,140.14473138886643,142.54373168945312,118931200,0.0,0.0
2021-07-29 00:00:00-04:00,142.2585788414759,144.0873233228373,142.15042672152106,143.19261169433594,56699500,0.0,0.0
2021-07-30 00:00:00-04:00,141.9537949046414,143.87102345079725,141.68832787444282,143.40892028808594,70440600,0.0,0.0
2021-08-02 00:00:00-04:00,143.9005268039083,144.48060868065593,142.80917894987616,143.07464599609375,62880000,0.0,0.0
2021-08-03 00:00:00-04:00,143.35972630154134,145.55224795647888,142.74030836668857,144.88368225097656,64786600,0.0,0.0
2021-08-04 00:00:00-04:00,144.79523590634247,145.30648687204507,143.8218667559888,144.48060607910156,56368300,0.0,0.0
2021-08-05 00:00:00-04:00,144.51010291798636,145.35565183841098,143.71371678410264,144.58876037597656,46397700,0.0,0.0
2021-08-06 00:00:00-04:00,144.10627740463974,144.85462024482135,143.39731470347704,143.8994903564453,54126800,0.22,0.0
2021-08-09 00:00:00-04:00,143.95854913446692,144.4508834441093,143.28898168528164,143.85023498535156,48908700,0.0,0.0
2021-08-10 00:00:00-04:00,144.19488542796634,145.4454188717486,143.0723637218903,143.36776733398438,69023100,0.0,0.0
2021-08-11 00:00:00-04:00,143.81088403527065,144.47061034108862,143.29885204237692,143.62379455566406,48493500,0.0,0.0
2021-08-12 00:00:00-04:00,143.94871270681023,146.76486565383416,143.60407266850945,146.60731506347656,72282600,0.0,0.0
2021-08-13 00:00:00-04:00,146.68609044000863,147.14888590890865,145.996825387876,146.81410217285156,59375000,0.0,0.0
2021-08-16 00:00:00-04:00,146.2626840209437,148.87206512535602,144.224427597917,148.80313110351562,103296000,0.0,0.0
2021-08-17 00:00:00-04:00,147.92675500978123,149.35452143078655,146.80423344138774,147.8873748779297,92229700,0.0,0.0
2021-08-18 00:00:00-04:00,147.50338230128767,148.40927575166054,143.90933233556453,144.11611938476562,86326000,0.0,0.0
2021-08-19 00:00:00-04:00,142.8064871837017,145.7309541548789,142.28461402283784,144.4508819580078,86960300,0.0,0.0
2021-08-20 00:00:00-04:00,145.17954357974412,146.22328991183903,144.52965868528287,145.9180450439453,60549600,0.0,0.0
2021-08-23 00:00:00-04:00,146.0362191465778,147.88740119487213,145.6226600767179,147.41476440429688,60131800,0.0,0.0
2021-08-24 00:00:00-04:00,147.15873422260074,148.54712069568384,146.86333060760512,147.3261260986328,48606400,0.0,0.0
2021-08-25 00:00:00-04:00,147.51321583157244,148.01540648546003,145.5340371496477,146.08544921875,58991300,0.0,0.0
2021-08-26 00:00:00-04:00,146.07562475676193,146.833808926633,145.2484915330377,145.2780303955078,48597200,0.0,0.0
2021-08-27 00:00:00-04:00,145.21893816390386,146.4694716413466,144.57890950784895,146.32177734375,55802400,0.0,0.0
2021-08-30 00:00:00-04:00,146.71563085209257,151.1367985598706,146.33161067434628,150.7724609375,90956700,0.0,0.0
2021-08-31 00:00:00-04:00,150.3195505094801,150.45740354772667,148.97054396572332,149.5022735595703,86453100,0.0,0.0
2021-09-01 00:00:00-04:00,150.48693044305313,152.60396229594085,150.0044373351357,150.1718292236328,80313700,0.0,0.0
2021-09-02 00:00:00-04:00,151.5109703602912,152.34794477793344,150.06350614733716,151.29434204101562,71115500,0.0,0.0
2021-09-03 00:00:00-04:00,151.40267288723035,152.25934498054667,150.7429465784904,151.9344024658203,57808700,0.0,0.0
2021-09-07 00:00:00-04:00,152.59411877675524,154.84900362381967,152.0230090935808,154.28775024414062,82278300,0.0,0.0
2021-09-08 00:00:00-04:00,154.5732897898968,154.63236750848262,151.61928366178768,152.73196411132812,74420200,0.0,0.0
2021-09-09 00:00:00-04:00,153.10614403326113,153.71663382912263,151.58974579696658,151.70791625976562,57305700,0.0,0.0
2021-09-10 00:00:00-04:00,152.6236471998376,153.09628396485277,146.42023143771254,146.68609619140625,140893200,0.0,0.0
2021-09-13 00:00:00-04:00,148.3206461117336,149.09852774769521,146.46946420990136,147.2572021484375,102404300,0.0,0.0
2021-09-14 00:00:00-04:00,148.04497406043484,148.7539368653255,144.65771066481392,145.84915161132812,109296300,0.0,0.0
2021-09-15 00:00:00-04:00,146.2823675113393,147.148880703281,144.12594083357118,146.7451629638672,83281300,0.0,0.0
2021-09-16 00:00:00-04:00,146.16422506560193,146.6860982775902,144.96292804276237,146.50885009765625,68034100,0.0,0.0
2021-09-17 00:00:00-04:00,146.53838893405907,146.53838893405907,143.52529038340558,143.82069396972656,129868800,0.0,0.0
2021-09-20 00:00:00-04:00,141.59536612229812,142.61941498870675,139.10415544190218,140.74855041503906,123478900,0.0,0.0
2021-09-21 00:00:00-04:00,141.7233677062074,142.38310899863416,140.5910046398208,141.2310333251953,75834000,0.0,0.0
2021-09-22 00:00:00-04:00,142.2354072811998,144.18504732738452,141.4969056701605,143.61395263671875,76404300,0.0,0.0
2021-09-23 00:00:00-04:00,144.40167026409173,144.82508565149774,143.40716020739433,144.57891845703125,64838200,0.0,0.0
2021-09-24 00:00:00-04:00,143.42684906938797,145.20909704498592,143.32837618764736,144.6675262451172,53477900,0.0,0.0
2021-09-27 00:00:00-04:00,143.23975400581827,143.72224706770965,141.61505669461835,143.1412811279297,74150700,0.0,0.0
2021-09-28 00:00:00-04:00,141.05381239076866,142.53081566187618,139.5177313927935,139.73435974121094,108972300,0.0,0.0
2021-09-29 00:00:00-04:00,140.28576216878204,142.23540214455812,139.85250550197554,140.64024353027344,74602000,0.0,0.0
2021-09-30 00:00:00-04:00,141.45751553693583,142.16647823544568,139.11399911548088,139.33062744140625,89056700,0.0,0.0
2021-10-01 00:00:00-04:00,139.72448066255205,140.7288469301585,136.97726163700867,140.46298217773438,94639600,0.0,0.0
2021-10-04 00:00:00-04:00,139.58661711828606,140.02973001385263,136.150133276092,137.0067901611328,98322000,0.0,0.0
2021-10-05 00:00:00-04:00,137.35143582823065,140.05927462422343,137.22342409537677,138.94659423828125,80861100,0.0,0.0
2021-10-06 00:00:00-04:00,137.33175670417864,139.9706618371682,136.248615030278,139.82296752929688,83221100,0.0,0.0
2021-10-07 00:00:00-04:00,140.86673104256838,142.00895057750043,140.53194722107781,141.09320068359375,61732700,0.0,0.0
2021-10-08 00:00:00-04:00,141.8218480480032,141.96954236013002,140.37438368974549,140.70916748046875,58773200,0.0,0.0
2021-10-11 00:00:00-04:00,140.08881470841598,142.58986649822435,139.63586051309485,140.6205291748047,64452200,0.0,0.0
2021-10-12 00:00:00-04:00,141.03408536756072,141.05378294735635,138.8776586378972,139.3404541015625,73035900,0.0,0.0
2021-10-13 00:00:00-04:00,139.07463735604966,139.23217295720784,137.06590443652297,138.74969482421875,78762700,0.0,0.0
2021-10-14 00:00:00-04:00,139.93128695007718,141.6741549726571,139.34047964670484,141.5559844970703,69907100,0.0,0.0
2021-10-15 00:00:00-04:00,141.56579726262834,142.6784624728221,141.30977383164188,142.619384765625,67940300,0.0,0.0
2021-10-18 00:00:00-04:00,141.25074321799738,144.58877001118836,140.965195863059,144.30322265625,85589200,0.0,0.0
2021-10-19 00:00:00-04:00,144.75615395185758,146.88304215219924,144.30321472067675,146.4793243408203,76378900,0.0,0.0
2021-10-20 00:00:00-04:00,146.42022188378613,147.4541269474866,145.84911227693397,146.9716339111328,58418800,0.0,0.0
2021-10-21 00:00:00-04:00,146.52853675883813,147.3458135265749,145.60294584056157,147.18826293945312,61421000,0.0,0.0
2021-10-22 00:00:00-04:00,147.39506915104363,147.87754722774292,146.3611639476335,146.410400390625,58883400,0.0,0.0
2021-10-25 00:00:00-04:00,146.4005251539199,147.07994891471898,145.3567788068347,146.36114501953125,50720600,0.0,0.0
2021-10-26 00:00:00-04:00,147.04057247880382,148.52741674320154,146.72547129636516,147.03073120117188,60893400,0.0,0.0
2021-10-27 00:00:00-04:00,147.07012303419114,147.4344456586184,146.21346604168278,146.5679473876953,56094900,0.0,0.0
2021-10-28 00:00:00-04:00,147.52305733740295,150.82168814307963,147.4245844671467,150.23089599609375,100077900,0.0,0.0
2021-10-29 00:00:00-04:00,144.9629101831094,147.64120993440218,144.16533103379982,147.50335693359375,124953200,0.0,0.0
2021-11-01 00:00:00-04:00,146.70579313109207,147.40489948516435,145.53403498921824,146.67625427246094,74588300,0.0,0.0
2021-11-02 00:00:00-04:00,146.38085120004038,149.2462406966194,146.37099489722587,147.72000122070312,69122000,0.0,0.0
2021-11-03 00:00:00-04:00,148.08433878935335,149.64011728118973,147.52308539174118,149.16748046875,54511500,0.0,0.0
2021-11-04 00:00:00-04:00,149.256104496569,150.09306399524374,148.33051338344887,148.64561462402344,60394600,0.0,0.0
2021-11-05 00:00:00-04:00,149.77962579179942,150.08531621585053,147.97505017421364,149.1781005859375,65463900,0.22,0.0
2021-11-08 00:00:00-05:00,149.3062858119983,149.46406635441994,148.07365353704313,148.34976196289062,55020900,0.0,0.0
2021-11-09 00:00:00-05:00,148.11312011605128,149.32602629871917,147.97506587612796,148.7146453857422,56787900,0.0,0.0
2021-11-10 00:00:00-05:00,147.93560493044342,148.04407717662147,145.79575702564097,145.86477661132812,65187100,0.0,0.0
2021-11-11 00:00:00-05:00,146.89032696538848,147.35378284953939,145.62809769511264,145.81546020507812,41000000,0.0,0.0
2021-11-12 00:00:00-05:00,146.3676833605663,148.31031307908717,145.43088581711064,147.90602111816406,63804000,0.0,0.0
2021-11-15 00:00:00-05:00,148.28073264739166,149.7697621188437,147.35379073591903,147.91587829589844,59222800,0.0,0.0
2021-11-16 00:00:00-05:00,147.85669263466477,149.38515949524194,147.2650231896739,148.90196228027344,59256200,0.0,0.0
2021-11-17 00:00:00-05:00,148.90201241241655,152.8464365822819,148.89215676883416,151.357421875,88807000,0.0,0.0
2021-11-18 00:00:00-05:00,151.57432508902485,156.46540130015464,150.92349166718563,155.676513671875,137827700,0.0,0.0
2021-11-19 00:00:00-05:00,155.45957429569205,158.7827610936908,154.35514060795242,158.3192901611328,117305600,0.0,0.0
2021-11-22 00:00:00-05:00,159.43357901457668,163.3977285559339,158.76303429095768,158.7827606201172,117467900,0.0,0.0
2021-11-23 00:00:00-05:00,158.88137925860167,159.55193910111373,156.85000349334874,159.1673583984375,96041900,0.0,0.0
2021-11-24 00:00:00-05:00,158.5165339351167,159.88722062512602,157.42195571167164,159.69000244140625,69463600,0.0,0.0
2021-11-26 00:00:00-05:00,157.3528868277743,158.22064957367198,154.18748104987486,154.6312255859375,76959800,0.0,0.0
2021-11-29 00:00:00-05:00,157.15567332076904,158.9503930625624,156.5837301628386,158.0135955810547,88748200,0.0,0.0
2021-11-30 00:00:00-05:00,157.76706160601483,163.22022510460474,157.69802698226542,163.00328063964844,174048100,0.0,0.0
2021-12-01 00:00:00-05:00,165.15300557439966,167.93383132802705,162.24399629050825,162.4806671142578,152052500,0.0,0.0
2021-12-02 00:00:00-05:00,156.53445469110318,161.91858443447492,155.6075127452673,161.4846954345703,136739200,0.0,0.0
2021-12-03 00:00:00-05:00,161.74108823958633,162.66803016045324,157.50083000944053,159.59136962890625,118023100,0.0,0.0
2021-12-06 00:00:00-05:00,162.0073378130592,165.54746956340347,161.9974821705282,163.02304077148438,107497000,0.0,0.0
2021-12-07 00:00:00-05:00,166.73079180765694,169.1960566231591,166.00106800542667,168.80160522460938,120405400,0.0,0.0
2021-12-08 00:00:00-05:00,169.7384058938225,173.5151931298203,168.32826669470535,172.6474151611328,116998900,0.0,0.0
2021-12-09 00:00:00-05:00,172.4797866385169,174.29421788390243,171.5035363803455,172.1346435546875,108923700,0.0,0.0
2021-12-10 00:00:00-05:00,172.77561629318524,177.13420243776207,172.26283702712283,176.95669555664062,115402700,0.0,0.0
2021-12-13 00:00:00-05:00,178.60347183063573,179.59944828595064,173.09114420042667,173.29823303222656,153237000,0.0,0.0
2021-12-14 00:00:00-05:00,172.81505250247028,175.27046151834807,169.81729729933076,171.9078369140625,139380400,0.0,0.0
2021-12-15 00:00:00-05:00,172.67702085912617,177.0060255620881,169.91592107219932,176.80880737304688,131063300,0.0,0.0
2021-12-16 00:00:00-05:00,176.78904397391406,178.62320133632988,168.37756282956738,169.8665771484375,150185800,0.0,0.0
2021-12-17 00:00:00-05:00,167.56892105579914,171.05974338245372,167.33226533655318,168.76211547851562,195432700,0.0,0.0
2021-12-20 00:00:00-05:00,165.9419025897497,168.20994920930954,165.13330356174305,167.3914794921875,107499100,0.0,0.0
2021-12-21 00:00:00-05:00,169.1763019772537,170.79351482368614,166.7702015125367,170.58644104003906,91185900,0.0,0.0
2021-12-22 00:00:00-05:00,170.6357495108841,173.41657522785326,169.75811590703987,173.1996307373047,92135300,0.0,0.0
2021-12-23 00:00:00-05:00,173.4067311906772,174.39283710578647,172.83478795429997,173.83074951171875,68356600,0.0,0.0
2021-12-27 00:00:00-05:00,174.62945965814427,177.913193536077,174.6097483772769,177.82444763183594,74919600,0.0,0.0
2021-12-28 00:00:00-05:00,177.65682670722546,178.81056870169127,176.04946941864068,176.7989044189453,79144300,0.0,0.0
2021-12-29 00:00:00-05:00,176.83835649512648,178.1202970559038,175.6648881751868,176.88766479492188,62348900,0.0,0.0
2021-12-30 00:00:00-05:00,176.97640333791784,178.0611257011308,175.6155725634834,175.7240447998047,59773000,0.0,0.0
2021-12-31 00:00:00-05:00,175.6155779018272,176.7397379093382,174.79710828411947,175.10281372070312,64062300,0.0,0.0
2022-01-03 00:00:00-05:00,175.35919463484606,180.33903188919803,175.24086675488513,179.48110961914062,104487900,0.0,0.0
2022-01-04 00:00:00-05:00,180.09249898253717,180.39818935932632,176.6312581500128,177.2032012939453,99310400,0.0,0.0
2022-01-05 00:00:00-05:00,177.11447828187931,177.66669516898145,172.21353083867552,172.48963928222656,94537600,0.0,0.0
2022-01-06 00:00:00-05:00,170.3004700308476,172.8643511503388,169.25520028186105,169.61019897460938,96904000,0.0,0.0
2022-01-07 00:00:00-05:00,170.48784472627779,171.72047707436144,168.65368719045802,169.77784729003906,86709100,0.0,0.0
2022-01-10 00:00:00-05:00,166.73075699470056,170.1032367525285,165.83339717799643,169.79754638671875,106765600,0.0,0.0
2022-01-11 00:00:00-05:00,169.92576841404195,172.74601671871378,168.44660962929626,172.6474151611328,76138300,0.0,0.0
2022-01-12 00:00:00-05:00,173.67295483725525,174.7182246148223,172.39102928923884,173.09115600585938,74805200,0.0,0.0
2022-01-13 00:00:00-05:00,173.33766231138495,174.16598750521374,169.40309507052945,169.79754638671875,84505800,0.0,0.0
2022-01-14 00:00:00-05:00,168.9593552022639,171.36545563417326,168.71282876533513,170.6653289794922,80440800,0.0,0.0
2022-01-18 00:00:00-05:00,169.12696702289398,170.14265459305958,167.05615427891541,167.44073486328125,90956700,0.0,0.0
2022-01-19 00:00:00-05:00,167.6379874920702,168.70298357116292,163.63440031592094,163.9203643798828,94815000,0.0,0.0
2022-01-20 00:00:00-05:00,164.65992544491155,167.32240782348623,161.898826477702,162.2242431640625,91420500,0.0,0.0
2022-01-21 00:00:00-05:00,162.13552501954536,164.0189908387528,160.04498539424455,160.15345764160156,122848900,0.0,0.0
2022-01-24 00:00:00-05:00,157.79667496652564,160.04499528082962,152.55058420196144,159.3744354248047,162294600,0.0,0.0
2022-01-25 00:00:00-05:00,156.7711098389491,160.4985888913189,154.83835072494045,157.55999755859375,115798400,0.0,0.0
2022-01-26 00:00:00-05:00,161.2282978629478,162.10593142069754,155.6272241565856,157.4712371826172,108275300,0.0,0.0
2022-01-27 00:00:00-05:00,160.1928842454247,161.56357070593663,156.08082486388884,157.0077667236328,121954600,0.0,0.0
2022-01-28 00:00:00-05:00,163.40759041604127,167.9831204931329,160.53801907296466,167.96339416503906,179935700,0.0,0.0
2022-01-31 00:00:00-05:00,167.7957735864212,172.56852224764285,167.15479576143278,172.35157775878906,115541600,0.0,0.0
2022-02-01 00:00:00-05:00,171.59227516782875,172.41074483669908,169.91589821629805,172.18394470214844,86213900,0.0,0.0
2022-02-02 00:00:00-05:00,172.32198364695827,173.43628798422293,170.92171525641345,173.39683532714844,84914300,0.0,0.0
2022-02-03 00:00:00-05:00,172.0557295775927,173.79128535305918,169.72851937149161,170.4976806640625,89418100,0.0,0.0
2022-02-04 00:00:00-05:00,169.51031577687917,171.89974528421982,168.52295369038956,170.2113494873047,82465400,0.22,0.0
2022-02-07 00:00:00-05:00,170.67544759021402,171.75166888018455,168.78958198348937,169.49061584472656,77251200,0.0,0.0
2022-02-08 00:00:00-05:00,169.55970043586146,173.13396171924924,169.2634887730684,172.6205291748047,74829200,0.0,0.0
2022-02-09 00:00:00-05:00,173.8251264779847,174.4175347862059,172.68965085514432,174.05221557617188,71285000,0.0,0.0
2022-02-10 00:00:00-05:00,171.93923888340709,173.26230050768066,169.38197460978498,169.94476318359375,90865900,0.0,0.0
2022-02-11 00:00:00-05:00,170.15212742401357,170.89264906396062,165.9163352065837,166.50875854492188,98670700,0.0,0.0
2022-02-14 00:00:00-05:00,165.25478590273084,167.43686272054998,164.45502503141444,166.74571228027344,86185500,0.0,0.0
2022-02-15 00:00:00-05:00,168.8093166129094,170.76428955129572,168.0984146233232,170.60630798339844,62527400,0.0,0.0
2022-02-16 00:00:00-05:00,169.67820370653195,171.14936377362403,167.90094869552794,170.36935424804688,61177400,0.0,0.0
2022-02-17 00:00:00-05:00,168.86853471811204,169.73741816643093,166.34089021312946,166.74571228027344,69589300,0.0,0.0
2022-02-18 00:00:00-05:00,167.67385643122702,168.3847433562287,164.08972681566698,165.18569946289062,82772700,0.0,0.0
2022-02-22 00:00:00-05:00,162.89504066272562,164.583436955625,160.10080332920936,162.24339294433594,91162800,0.0,0.0
2022-02-23 00:00:00-05:00,163.4479464760636,164.05023807419587,157.731125459327,158.04708862304688,90009200,0.0,0.0
2022-02-24 00:00:00-05:00,150.65173050189077,160.7919447982649,150.0790586019428,160.68333435058594,141147500,0.0,0.0
2022-02-25 00:00:00-05:00,161.76943231160672,163.0332548245136,158.83696513523378,162.7666778564453,91974200,0.0,0.0
2022-02-28 00:00:00-05:00,160.99930015778853,163.3294758742577,160.37725706477087,163.03326416015625,95056600,0.0,0.0
2022-03-01 00:00:00-05:00,162.6185709444877,164.4945683903717,159.92307603178,161.1375274658203,83474400,0.0,0.0
2022-03-02 00:00:00-05:00,162.31247341546214,165.24494039015102,160.89066941974005,164.45504760742188,79724800,0.0,0.0
2022-03-03 00:00:00-05:00,166.3409081389607,166.77534990993806,163.4578123731445,164.12921142578125,76678400,0.0,0.0
2022-03-04 00:00:00-05:00,162.41122028595498,163.45782184983236,160.05142513492603,161.10789489746094,83737200,0.0,0.0
2022-03-07 00:00:00-05:00,161.29550803782539,162.9345330930666,157.03009561444398,157.2868194580078,96418800,0.0,0.0
2022-03-08 00:00:00-05:00,156.81285134428705,160.82153894190338,153.8310136714694,155.45028686523438,131148300,0.0,0.0
2022-03-09 00:00:00-05:00,159.43924710732517,161.3448640267005,157.3954151457049,160.8906707763672,91454900,0.0,0.0
2022-03-10 00:00:00-05:00,158.1754084673061,158.36300968048798,154.00873911941028,156.5166473388672,105342000,0.0,0.0
2022-03-11 00:00:00-05:00,156.9214853566416,157.26706819297638,152.5474775366024,152.77456665039062,96970100,0.0,0.0
2022-03-14 00:00:00-04:00,149.53601948678707,152.17227505804033,148.20308940206078,148.7165069580078,108732100,0.0,0.0
2022-03-15 00:00:00-04:00,148.99293987531303,153.6039342954496,148.47952241352715,153.12998962402344,92964300,0.0,0.0
2022-03-16 00:00:00-04:00,155.06524192955726,157.9779575079191,152.5079773582263,157.57313537597656,102300200,0.0,0.0
2022-03-17 00:00:00-04:00,156.60552572653617,158.96532088107682,155.63791494833538,158.59011840820312,75615400,0.0,0.0
2022-03-18 00:00:00-04:00,158.48152061060088,162.40135022754214,157.7409988703619,161.9076690673828,123511700,0.0,0.0
2022-03-21 00:00:00-04:00,161.44360032636055,164.24772064034795,160.94991918835646,163.28997802734375,95811400,0.0,0.0
2022-03-22 00:00:00-04:00,163.41831140047717,167.2789011970964,162.82590312330262,166.68649291992188,81532000,0.0,0.0
2022-03-23 00:00:00-04:00,165.86696905841228,170.45819692036605,165.531254485272,168.0589141845703,98062700,0.0,0.0
2022-03-24 00:00:00-04:00,168.89817780076183,171.93925522571595,168.05892895900692,171.87014770507812,90131400,0.0,0.0
2022-03-25 00:00:00-04:00,171.68255170441498,173.06485281880148,170.5668275482623,172.51193237304688,80546200,0.0,0.0
2022-03-28 00:00:00-04:00,169.99415331574536,173.5091604436738,169.82630354457487,173.3808135986328,90371900,0.0,0.0
2022-03-29 00:00:00-04:00,174.45704761300811,176.7477203201676,174.1114647808039,176.6983642578125,100589400,0.0,0.0
2022-03-30 00:00:00-04:00,176.29351774903256,177.34011923441986,174.466891715588,175.52337646484375,92633200,0.0,0.0
2022-03-31 00:00:00-04:00,175.59249611042912,175.78009734547533,172.19596761430367,172.4033203125,103049300,0.0,0.0
2022-04-01 00:00:00-04:00,171.8306564659617,172.6699204307474,169.76707291559552,172.10711669921875,78751300,0.0,0.0
2022-04-04 00:00:00-04:00,172.36381927286234,176.23427712698367,172.2354573711293,176.18490600585938,76468400,0.0,0.0
2022-04-05 00:00:00-04:00,175.25680740210788,176.046700251477,172.21572972490625,172.84764099121094,73401800,0.0,0.0
2022-04-06 00:00:00-04:00,170.1817480221285,171.43570222448182,167.97993455235246,169.658447265625,89058800,0.0,0.0
2022-04-07 00:00:00-04:00,168.99692777936303,171.1691217348555,167.70348563129056,169.96453857421875,77594700,0.0,0.0
2022-04-08 00:00:00-04:00,169.60905877291728,169.60905877291728,167.06166277043036,167.94041442871094,76575500,0.0,0.0
2022-04-11 00:00:00-04:00,166.57788750956743,166.89383558708428,163.40844814018607,163.65528869628906,72246700,0.0,0.0
2022-04-12 00:00:00-04:00,165.89660395493704,167.7232150172138,164.53403927407572,165.54115295410156,79265200,0.0,0.0
2022-04-13 00:00:00-04:00,165.2745660540053,168.8784322320377,164.66240628148364,168.24652099609375,70618900,0.0,0.0
2022-04-14 00:00:00-04:00,168.46370654784394,169.10550091381015,162.95422455332397,163.20106506347656,75329400,0.0,0.0
2022-04-18 00:00:00-04:00,161.8483808363167,164.49451888953723,161.50281316819027,162.98385620117188,69023900,0.0,0.0
2022-04-19 00:00:00-04:00,162.93451207145623,165.69912920407668,161.8385394429012,165.284423828125,67723800,0.0,0.0
2022-04-20 00:00:00-04:00,166.62722471681525,166.7457184151863,164.00085294713483,165.11656188964844,67929800,0.0,0.0
2022-04-21 00:00:00-04:00,166.77534009266884,169.36222403818198,163.8132537186796,164.31680297851562,87227800,0.0,0.0
2022-04-22 00:00:00-04:00,164.35634144679736,165.7485108935431,159.45901762027577,159.74534606933594,84882400,0.0,0.0
2022-04-25 00:00:00-04:00,159.08378147191706,161.10787685042922,156.45740965776784,160.82154846191406,96046400,0.0,0.0
2022-04-26 00:00:00-04:00,160.19947907974324,160.2883380409091,154.7393686097588,154.818359375,95623200,0.0,0.0
2022-04-27 00:00:00-04:00,153.93963072425404,157.77058547960473,153.41633000940007,154.59129333496094,88063200,0.0,0.0
2022-04-28 00:00:00-04:00,157.23744070831216,162.4408440635626,156.92147755184075,161.57196044921875,130216800,0.0,0.0
2022-04-29 00:00:00-04:00,159.79468841214378,164.09958803382509,155.26269971205264,155.6576385498047,131747600,0.0,0.0
2022-05-02 00:00:00-04:00,154.7295120485633,156.23029150315196,151.3329842175326,155.96371459960938,123055300,0.0,0.0
2022-05-03 00:00:00-04:00,156.15132974917535,158.67898969882359,154.34447013671496,157.4645233154297,88966500,0.0,0.0
2022-05-04 00:00:00-04:00,157.65211906720614,164.37605317046095,157.2472969534834,163.921875,108256500,0.0,0.0
2022-05-05 00:00:00-04:00,161.77929859849326,162.00638768055538,152.9917661906479,154.7887725830078,130525300,0.0,0.0
2022-05-06 00:00:00-04:00,154.2647110747703,157.65634751885386,152.4551814697835,155.5205078125,116124600,0.23,0.0
2022-05-09 00:00:00-04:00,153.19675935845066,154.0866999283787,149.79525601161717,150.35887145996094,131577900,0.0,0.0
2022-05-10 00:00:00-04:00,153.7801742291684,154.98652707848316,151.21913755445752,152.78146362304688,115366700,0.0,0.0
2022-05-11 00:00:00-04:00,151.78277400410622,153.710956063414,144.1788006969076,144.861083984375,142689800,0.0,0.0
2022-05-12 00:00:00-04:00,141.17283681296917,144.56445817457998,137.24724797984118,140.96517944335938,182602000,0.0,0.0
2022-05-13 00:00:00-04:00,142.97246622197974,146.4432094640081,141.50902722534425,145.4642791748047,113990900,0.0,0.0
2022-05-16 00:00:00-04:00,143.92170198331354,145.86966435121522,142.56701822576508,143.91180419921875,86643800,0.0,0.0
2022-05-17 00:00:00-04:00,147.1946808606408,148.0945041716511,145.03906101053295,147.5704345703125,78336300,0.0,0.0
2022-05-18 00:00:00-04:00,145.2071849310372,145.71147409406072,138.33492299113666,139.24464416503906,109742900,0.0,0.0
2022-05-19 00:00:00-04:00,138.31515679727727,140.07524259698587,135.07185160985324,135.81346130371094,136095600,0.0,0.0
2022-05-20 00:00:00-04:00,137.53396994552125,139.1259591711047,131.12646716959603,136.05075073242188,137426100,0.0,0.0
2022-05-23 00:00:00-04:00,136.2485259542855,141.65733384747773,136.1100927486572,141.50901794433594,117726300,0.0,0.0
2022-05-24 00:00:00-04:00,139.2347271440917,140.381753606561,135.7936628447696,138.78976440429688,104132700,0.0,0.0
2022-05-25 00:00:00-04:00,136.88135251102395,140.20376421597848,136.79236297766204,138.94798278808594,92482700,0.0,0.0
2022-05-26 00:00:00-04:00,135.85300993181187,142.72525688304626,135.6058066955222,142.17152404785156,90601500,0.0,0.0
2022-05-27 00:00:00-04:00,143.76347328252334,148.00547299201003,143.63492280742003,147.96592712402344,90978500,0.0,0.0
2022-05-31 00:00:00-04:00,147.40233405184318,148.9745428116457,145.19727060382783,147.17489624023438,103718400,0.0,0.0
2022-06-01 00:00:00-04:00,148.22304612466192,150.04247330858098,146.02788030257176,147.04637145996094,74286600,0.0,0.0
2022-06-02 00:00:00-04:00,146.1762246575007,149.57774372310973,145.21707485976484,149.51841735839844,72348100,0.0,0.0
2022-06-03 00:00:00-04:00,145.25658557669357,146.31462245154594,142.84389516332556,143.75360107421875,88570300,0.0,0.0
2022-06-06 00:00:00-04:00,145.38515454192162,146.90793480552912,143.27897830827027,144.50511169433594,71598400,0.0,0.0
2022-06-07 00:00:00-04:00,142.73514665752384,147.33312055920365,142.48794343510906,147.04637145996094,67808200,0.0,0.0
2022-06-08 00:00:00-04:00,146.91782296573172,148.1933849720813,145.81035734235303,146.3047637939453,53950200,0.0,0.0
2022-06-09 00:00:00-04:00,145.43458152581582,146.29484379276224,140.93548048192486,141.04425048828125,69473000,0.0,0.0
2022-06-10 00:00:00-04:00,138.71067132352846,139.18529728716365,135.52669260330458,135.59591674804688,91437900,0.0,0.0
2022-06-13 00:00:00-04:00,131.38357829819242,133.68751439554316,129.9695829524513,130.4046630859375,122207100,0.0,0.0
2022-06-14 00:00:00-04:00,131.64065126481293,132.39214355181187,130.00910111213102,131.2747802734375,84784300,0.0,0.0
2022-06-15 00:00:00-04:00,132.7876558167101,135.803537682262,130.6814949467386,133.91490173339844,91533000,0.0,0.0
2022-06-16 00:00:00-04:00,130.60241738744108,130.90894699052464,127.59641754385291,128.60501098632812,108123900,0.0,0.0
2022-06-17 00:00:00-04:00,128.61488962689282,131.59121075763036,128.3577886395421,130.0882110595703,134520300,0.0,0.0
2022-06-21 00:00:00-04:00,131.92741747630595,135.5266958879543,131.82854523753298,134.35000610351562,81000500,0.0,0.0
2022-06-22 00:00:00-04:00,133.28208279611738,136.21885828628317,132.41193771287044,133.83583068847656,73409200,0.0,0.0
2022-06-23 00:00:00-04:00,135.2893841458369,137.03957206270437,134.1126944161807,136.72315979003906,72433800,0.0,0.0
2022-06-24 00:00:00-04:00,138.33492070297535,140.32244431749157,138.2063852839903,140.0752410888672,89116800,0.0,0.0
2022-06-27 00:00:00-04:00,141.10359988118608,141.88477053296828,139.39295776376983,140.0752410888672,70207900,0.0,0.0
2022-06-28 00:00:00-04:00,140.53995402587935,141.81551577145362,135.78376734800847,135.9024200439453,67083400,0.0,0.0
2022-06-29 00:00:00-04:00,135.92220610948357,139.09628656093457,135.14103559423222,137.67239379882812,66242400,0.0,0.0
2022-06-30 00:00:00-04:00,135.71456031317572,136.82202584965663,132.27349590476265,135.19049072265625,98964500,0.0,0.0
2022-07-01 00:00:00-04:00,134.5180943871052,137.48453295721393,134.1423557614571,137.37576293945312,71051600,0.0,0.0
2022-07-05 00:00:00-04:00,136.2287844010878,140.02582306692776,135.39816993386182,139.97637939453125,73353800,0.0,0.0
2022-07-06 00:00:00-04:00,139.76869299143573,142.50769353847514,139.50170931521055,141.3211212158203,74064300,0.0,0.0
2022-07-07 00:00:00-04:00,141.68697357976376,144.91051283005544,141.67709088388577,144.71275329589844,66253700,0.0,0.0
2022-07-08 00:00:00-04:00,143.63494912451213,145.89933899979243,143.3778632152856,145.39503479003906,64547800,0.0,0.0
2022-07-11 00:00:00-04:00,144.0403666554404,144.99951633102606,142.1715109645947,143.2493133544922,63141600,0.0,0.0
2022-07-12 00:00:00-04:00,144.12935364789075,146.78926259274837,143.42730498315143,144.22824096679688,77588800,0.0,0.0
2022-07-13 00:00:00-04:00,141.39036395608215,144.81164818801975,140.53008646129757,143.86239624023438,71185600,0.0,0.0
2022-07-14 00:00:00-04:00,142.46816351447373,147.2836774779155,141.64744700224972,146.80905151367188,78140700,0.0,0.0
2022-07-15 00:00:00-04:00,148.10439957124572,149.1723193471024,146.5420733299788,148.4900360107422,76259900,0.0,0.0
2022-07-18 00:00:00-04:00,149.05365448476786,149.87437096108084,145.05884212025853,145.42471313476562,81420900,0.0,0.0
2022-07-19 00:00:00-04:00,146.26519975095945,149.5381679775406,145.26650417146786,149.3107452392578,82982400,0.0,0.0
2022-07-20 00:00:00-04:00,149.4293925224022,152.000311958322,148.6877828875892,151.32791137695312,64823400,0.0,0.0
2022-07-21 00:00:00-04:00,152.7715940586688,153.82963111093642,150.2402354320496,153.61209106445312,65086600,0.0,0.0
2022-07-22 00:00:00-04:00,153.65162485612666,154.53166767019178,151.69377967986344,152.3661651611328,66675400,0.0,0.0
2022-07-25 00:00:00-04:00,152.28706132417042,153.30553735080025,150.57641932139703,151.23892211914062,53623900,0.0,0.0
2022-07-26 00:00:00-04:00,150.55664250435638,151.377358998934,149.11298416013028,149.90403747558594,55138700,0.0,0.0
2022-07-27 00:00:00-04:00,150.87308603541118,155.56994768220625,150.4577863951073,155.03598022460938,78620700,0.0,0.0
2022-07-28 00:00:00-04:00,155.22380496435648,155.87642493194036,152.6825643096135,155.5896759033203,81378700,0.0,0.0
2022-07-29 00:00:00-04:00,159.43620450863523,161.7994668410696,157.71566455451068,160.69198608398438,101786900,0.0,0.0
2022-08-01 00:00:00-04:00,159.20876431172698,161.759903479841,159.09011158840147,159.7031707763672,67829400,0.0,0.0
2022-08-02 00:00:00-04:00,158.30894480983025,160.59310010072895,157.84420155891036,158.21994018554688,59907000,0.0,0.0
2022-08-03 00:00:00-04:00,159.04064115154188,164.72631453778237,158.95165162402816,164.27146911621094,82507500,0.0,0.0
2022-08-04 00:00:00-04:00,164.15283770377462,165.31964486829574,162.59051138170426,163.955078125,55474100,0.0,0.0
2022-08-05 00:00:00-04:00,161.6083121103764,164.22240332894663,161.40036634011844,163.72731018066406,56697000,0.23,0.0
2022-08-08 00:00:00-04:00,164.73729364394697,166.16316436583313,162.58859113714837,163.25201416015625,60276900,0.0,0.0
2022-08-09 00:00:00-04:00,162.4103672707324,164.1927056996402,161.64791956049652,163.30152893066406,63135500,0.0,0.0
2022-08-10 00:00:00-04:00,166.03445902229987,167.67817217862313,165.2621147891449,167.57916259765625,70170500,0.0,0.0
2022-08-11 00:00:00-04:00,168.3910867742428,169.3119679283014,166.53944315101367,166.8365020751953,57149200,0.0,0.0
2022-08-12 00:00:00-04:00,168.15344817564952,170.48037696306588,167.73755662514,170.41107177734375,68039400,0.0,0.0
2022-08-15 00:00:00-04:00,169.83676235771625,171.68840594689996,169.6684324958854,171.49037170410156,54091700,0.0,0.0
2022-08-16 00:00:00-04:00,171.08440835118157,172.0052895780133,169.97540439624464,171.3319549560547,56377100,0.0,0.0
2022-08-17 00:00:00-04:00,171.07450558022083,174.42132527980368,170.87647132547755,172.8370361328125,79542000,0.0,0.0
2022-08-18 00:00:00-04:00,172.04487998609318,173.18358825605227,171.42105774463056,172.44094848632812,62290100,0.0,0.0
2022-08-19 00:00:00-04:00,171.33195276848514,172.03499176532847,169.62883093997996,169.83677673339844,70346300,0.0,0.0
2022-08-22 00:00:00-04:00,168.0247428286416,168.19307271376985,165.49976433362502,165.92555236816406,69026800,0.0,0.0
2022-08-23 00:00:00-04:00,165.44036051644892,167.05436932959674,165.01457246916257,165.58888244628906,54147100,0.0,0.0
2022-08-24 00:00:00-04:00,165.677979371738,166.4602199026633,164.61847277581722,165.8859100341797,53841500,0.0,0.0
2022-08-25 00:00:00-04:00,167.12365618385147,168.47031026643288,166.6978832923443,168.36138916015625,51218200,0.0,0.0
2022-08-26 00:00:00-04:00,168.89610520347503,169.37139045536318,161.95488871749626,162.01429748535156,78961000,0.0,0.0
2022-08-29 00:00:00-04:00,159.568510928452,161.3013368961909,158.25157648892863,159.7962646484375,73314000,0.0,0.0
2022-08-30 00:00:00-04:00,160.5389263282298,160.96469922911152,156.1722006655104,157.35052490234375,77906200,0.0,0.0
2022-08-31 00:00:00-04:00,158.73676559014643,159.00412012547605,155.59787678764897,155.67709350585938,87991100,0.0,0.0
2022-09-01 00:00:00-04:00,155.10279776817575,156.86532835914005,153.15212934294357,156.40985107421875,74229900,0.0,0.0
2022-09-02 00:00:00-04:00,158.1822661206891,158.7862803859812,153.44917667490938,154.2809295654297,76957800,0.0,0.0
2022-09-06 00:00:00-04:00,154.9344835227276,155.5483943204438,152.18176624974282,153.01351928710938,73714800,0.0,0.0
2022-09-07 00:00:00-04:00,153.30066201247016,155.13249774297543,152.102529849313,154.42947387695312,87449600,0.0,0.0
2022-09-08 00:00:00-04:00,153.12244018534514,154.82556217884834,151.1816679919181,152.9442138671875,84923800,0.0,0.0
2022-09-09 00:00:00-04:00,153.94430466830067,156.27124911244724,153.23136914111737,155.82565307617188,68028800,0.0,0.0
2022-09-12 00:00:00-04:00,158.02387425477343,162.64804381648563,157.73672679168587,161.82618713378906,104956000,0.0,0.0
2022-09-13 00:00:00-04:00,158.3308038267474,158.96452253643832,151.86488765927666,152.3302764892578,122656600,0.0,0.0
2022-09-14 00:00:00-04:00,153.27094175194492,155.5582849610427,152.1025290862562,153.7858428955078,87965400,0.0,0.0
2022-09-15 00:00:00-04:00,153.13231857593865,153.71654002664707,149.89441997170982,150.87469482421875,90481100,0.0,0.0
2022-09-16 00:00:00-04:00,149.72608931882488,149.86471480780293,146.91394851391368,149.22108459472656,162278800,0.0,0.0
2022-09-19 00:00:00-04:00,147.84472743589828,153.0432059820778,147.63679675511645,152.9639892578125,81474200,0.0,0.0
2022-09-20 00:00:00-04:00,151.8945922475917,156.52867259453586,151.57774044684322,155.36024475097656,107689800,0.0,0.0
2022-09-21 00:00:00-04:00,155.79592627154594,157.182196312293,152.0926387644096,152.21145629882812,101696800,0.0,0.0
2022-09-22 00:00:00-04:00,150.88462112891142,152.9541072524088,149.42904579003803,151.2410888671875,86652500,0.0,0.0
2022-09-23 00:00:00-04:00,149.7062866977392,149.98353768557936,147.1020915879774,148.9537353515625,96029900,0.0,0.0
2022-09-26 00:00:00-04:00,148.19131292982212,152.26097998639568,148.17150496959457,149.29042053222656,93339400,0.0,0.0
2022-09-27 00:00:00-04:00,151.2410845220361,153.20164947170414,148.4784558525051,150.27069091796875,84442700,0.0,0.0
2022-09-28 00:00:00-04:00,146.19111510194685,149.16167421274963,143.41859024338856,148.36952209472656,146691400,0.0,0.0
2022-09-29 00:00:00-04:00,144.66624169874436,145.28015244294747,139.29941801776852,141.08175659179688,128138200,0.0,0.0
2022-09-30 00:00:00-04:00,139.89354135772297,141.69568796079375,136.64573098930947,136.84376525878906,124925300,0.0,0.0
2022-10-03 00:00:00-04:00,136.8536671206885,141.66597356324846,136.33876596919637,141.0520477294922,114311700,0.0,0.0
2022-10-04 00:00:00-04:00,143.60673776677558,144.7850620443956,142.84428997966037,144.66624450683594,87830100,0.0,0.0
2022-10-05 00:00:00-04:00,142.65616626685767,145.93368093373078,141.60655595913235,144.96328735351562,79471000,0.0,0.0
2022-10-06 00:00:00-04:00,144.37908330163478,146.09210162301196,143.79487692455325,144.0028076171875,68402200,0.0,0.0
2022-10-07 00:00:00-04:00,141.14116363331368,141.69568071215426,138.08149126559377,138.7152099609375,85925600,0.0,0.0
2022-10-10 00:00:00-04:00,139.04197692871094,140.4975521920596,137.21014109546078,139.04197692871094,74899000,0.0,0.0
2022-10-11 00:00:00-04:00,138.52705845754087,139.96284069150002,136.86355271229837,137.6160888671875,77033700,0.0,0.0
2022-10-12 00:00:00-04:00,137.76461643064724,138.98254127553227,136.8041345689526,136.98236083984375,70433700,0.0,0.0
2022-10-13 00:00:00-04:00,133.66527012358605,142.1808642605087,133.0513442697307,141.58676147460938,113224000,0.0,0.0
2022-10-14 00:00:00-04:00,142.89378554537785,143.1017313207372,136.83385009662922,137.02198791503906,88598000,0.0,0.0
2022-10-17 00:00:00-04:00,139.68562011541263,141.4976481573642,138.89346787484328,141.01246643066406,85250900,0.0,0.0
2022-10-18 00:00:00-04:00,144.0622242019941,145.26034128016104,139.23010975432786,142.33929443359375,99136600,0.0,0.0
2022-10-19 00:00:00-04:00,140.29950906195717,143.52751118612187,140.11137123437197,142.44821166992188,61758300,0.0,0.0
2022-10-20 00:00:00-04:00,141.61646971224465,144.45829997686405,141.2500904531385,141.9828338623047,64522000,0.0,0.0
2022-10-21 00:00:00-04:00,141.46792365840403,146.39906272265623,141.25008144549113,145.8247528076172,86548600,0.0,0.0
2022-10-24 00:00:00-04:00,145.7455368635644,148.7556968350301,144.5672126444263,147.9833526611328,75981900,0.0,0.0
2022-10-25 00:00:00-04:00,148.6170666592149,150.9935229808542,147.89423484931615,150.84498596191406,74732300,0.0,0.0
2022-10-26 00:00:00-04:00,149.47852359386738,150.4984142270508,146.58716643541604,147.8843231201172,88194300,0.0,0.0
2022-10-27 00:00:00-04:00,146.61689604959776,147.58727441527873,142.71555952084393,143.3789825439453,109180200,0.0,0.0
2022-10-28 00:00:00-04:00,146.74562529216917,155.95436207457212,146.3693647244896,154.21163940429688,164762400,0.0,0.0
2022-10-31 00:00:00-04:00,151.65696350691894,152.72636670856033,150.4291268437648,151.83518981933594,97943200,0.0,0.0
2022-11-01 00:00:00-04:00,153.55810327730123,153.9244673974092,147.66649742812695,149.17156982421875,80379300,0.0,0.0
2022-11-02 00:00:00-04:00,147.48826418133675,150.67666566125297,143.5770308456271,143.6067352294922,93604600,0.0,0.0
2022-11-03 00:00:00-04:00,140.66584407615227,141.39858727695358,137.38833028992576,137.51705932617188,97918500,0.0,0.0
2022-11-04 00:00:00-04:00,140.92897510960222,141.50423772990558,133.28198220459782,137.24929809570312,140814800,0.23,0.0
2022-11-07 00:00:00-05:00,135.98965847984746,138.01298273808862,134.56142246974423,137.7848663330078,83374600,0.0,0.0
2022-11-08 00:00:00-05:00,139.26272127064658,140.27437601037536,136.366582245601,138.3601531982422,89908500,0.0,0.0
2022-11-09 00:00:00-05:00,137.36831903281427,137.4179135105506,133.4902639391239,133.76797485351562,74917800,0.0,0.0
2022-11-10 00:00:00-05:00,140.08590549141476,145.66989135742188,138.36011792705702,145.66989135742188,118854000,0.0,0.0
2022-11-11 00:00:00-05:00,144.6285053316432,148.78425593610788,143.19034124110598,148.47679138183594,93979700,0.0,0.0
2022-11-14 00:00:00-05:00,147.75275426346408,149.05204771700903,146.22532926355174,147.06838989257812,73374100,0.0,0.0
2022-11-15 00:00:00-05:00,150.97619014391606,152.33499083797759,147.3460928874006,148.81399536132812,89868300,0.0,0.0
2022-11-16 00:00:00-05:00,147.9114520856414,148.64539580261246,146.0864753659452,147.57421875,64218300,0.0,0.0
2022-11-17 00:00:00-05:00,145.2335244011573,150.24226426408495,144.95581347047835,149.4884796142578,80389400,0.0,0.0
2022-11-18 00:00:00-05:00,151.065472306027,151.45228500999042,148.7445960822464,150.05380249023438,74829600,0.0,0.0
2022-11-21 00:00:00-05:00,148.93302399727298,149.1412995810213,146.51295917776832,146.8005828857422,58724100,0.0,0.0
2022-11-22 00:00:00-05:00,146.91962834462115,149.19090999870923,145.72942148811347,148.95286560058594,51804100,0.0,0.0
2022-11-23 00:00:00-05:00,148.22884376451958,150.58940167109074,148.1197419671375,149.8356170654297,58301400,0.0,0.0
2022-11-25 00:00:00-05:00,147.09815830775,147.66350810880695,145.91787936233752,146.89979553222656,35195900,0.0,0.0
2022-11-28 00:00:00-05:00,143.95404571186316,145.44178905949883,142.20843229891616,143.04156494140625,69246000,0.0,0.0
2022-11-29 00:00:00-05:00,143.11101190976072,143.62676727113015,139.20321803040494,140.01651000976562,83763800,0.0,0.0
2022-11-30 00:00:00-05:00,140.24460395405254,147.5047989500818,139.40155844819125,146.8204345703125,111380900,0.0,0.0
2022-12-01 00:00:00-05:00,146.99898596833282,147.9114668522233,145.41205347993468,147.09815979003906,71250400,0.0,0.0
2022-12-02 00:00:00-05:00,144.76737448739817,146.7906990860624,144.45989476990314,146.6022491455078,65447400,0.0,0.0
2022-12-05 00:00:00-05:00,146.5625845483336,149.686840036132,144.5789264267828,145.43190002441406,68826400,0.0,0.0
2022-12-06 00:00:00-05:00,145.8682911220451,146.096407543278,140.76036294273567,141.74227905273438,64727200,0.0,0.0
2022-12-07 00:00:00-05:00,141.0281620528127,142.198512959655,138.85605421189774,139.7883758544922,69721100,0.0,0.0
2022-12-08 00:00:00-05:00,141.19676652921908,142.34729171571578,139.9470675305744,141.48439025878906,62128300,0.0,0.0
2022-12-09 00:00:00-05:00,141.176935040063,144.3805535796691,139.74869887062152,140.9984130859375,76097000,0.0,0.0
2022-12-12 00:00:00-05:00,141.53398963387943,143.3192847895678,139.90739074405423,143.3093719482422,70462700,0.0,0.0
2022-12-13 00:00:00-05:00,148.27841053914807,148.74457130140436,143.06139632564785,144.28134155273438,93886200,0.0,0.0
2022-12-14 00:00:00-05:00,144.16235419694846,145.46164779246874,140.006588179203,142.0398406982422,82291200,0.0,0.0
2022-12-15 00:00:00-05:00,139.95697534530535,140.6413397012149,134.91848276541893,135.3846435546875,98931900,0.0,0.0
2022-12-16 00:00:00-05:00,135.5730988678757,136.5252461656081,132.6372785759658,133.41090393066406,160156900,0.0,0.0
2022-12-19 00:00:00-05:00,134.00600783994648,134.09526881179502,130.24698284016458,131.28839111328125,79592600,0.0,0.0
2022-12-20 00:00:00-05:00,130.31641086546176,132.16121339894653,128.8286673750421,131.21897888183594,77432800,0.0,0.0
2022-12-21 00:00:00-05:00,131.8934124301394,135.692119208161,131.66529600417988,134.34323120117188,85928000,0.0,0.0
2022-12-22 00:00:00-05:00,133.25220826751158,133.46048384499764,129.2352985122483,131.14952087402344,77852100,0.0,0.0
2022-12-23 00:00:00-05:00,129.85025579776593,131.33799935429502,128.58071584025657,130.78257751464844,63814900,0.0,0.0
2022-12-27 00:00:00-05:00,130.30648914184002,130.3362427988916,127.66822056647285,128.96751403808594,69007800,0.0,0.0
2022-12-28 00:00:00-05:00,128.61046849031442,129.95935657633518,124.84152271694865,125.0101318359375,85438400,0.0,0.0
2022-12-29 00:00:00-05:00,126.94416842694721,129.41382006751948,126.68629838228176,128.55093383789062,75703700,0.0,0.0
2022-12-30 00:00:00-05:00,127.36076275845284,128.88817272629979,126.38876703004108,128.8683319091797,77034200,0.0,0.0
2023-01-03 00:00:00-05:00,129.21547004483958,129.83039913022134,123.1553947590061,124.04804229736328,112117500,0.0,0.0
2023-01-04 00:00:00-05:00,125.85317515303767,127.60871663617384,124.05796717081702,125.32750701904297,89113600,0.0,0.0
2023-01-05 00:00:00-05:00,126.0912109098366,126.72598082854797,123.74058115578352,123.99845123291016,80962700,0.0,0.0
2023-01-06 00:00:00-05:00,124.98037166000861,129.2253909088619,123.86952048030051,128.5608673095703,87754700,0.0,0.0
2023-01-09 00:00:00-05:00,129.40392512312226,132.31990467573962,128.82866251244664,129.08653259277344,70790800,0.0,0.0
2023-01-10 00:00:00-05:00,129.1956281428147,130.1874570510835,127.07311488448381,129.6617889404297,63896200,0.0,0.0
2023-01-11 00:00:00-05:00,130.17755901907103,132.41908715847225,129.39402075141217,132.39926147460938,69458900,0.0,0.0
2023-01-12 00:00:00-05:00,132.78606131816082,133.16294601845647,130.36599631977188,132.3199005126953,71379600,0.0,0.0
2023-01-13 00:00:00-05:00,130.95118549985727,133.81757078855932,130.5842136020096,133.65887451171875,57809700,0.0,0.0
2023-01-17 00:00:00-05:00,133.72829294399517,136.16818357276352,133.03401573800855,134.8292236328125,63646600,0.0,0.0
2023-01-18 00:00:00-05:00,135.70205468883577,137.47742198750748,133.92667225605413,134.10520935058594,69672800,0.0,0.0
2023-01-19 00:00:00-05:00,132.9844396475562,135.1367068506625,132.676975066271,134.1647186279297,58280400,0.0,0.0
2023-01-20 00:00:00-05:00,134.17460563112365,136.89222212868282,133.12326947147227,136.74343872070312,80223600,0.0,0.0
2023-01-23 00:00:00-05:00,136.99142636358434,142.14894963706016,136.77322275736296,139.95700073242188,81760300,0.0,0.0
2023-01-24 00:00:00-05:00,139.16351033852186,141.9902287531225,139.1535974978149,141.36537170410156,66435100,0.0,0.0
2023-01-25 00:00:00-05:00,139.73877617563352,141.26618605607322,137.6757702023649,140.7008514404297,65799300,0.0,0.0
2023-01-26 00:00:00-05:00,142.0001532954897,143.07133041032213,140.7405262529401,142.78370666503906,54105100,0.0,0.0
2023-01-27 00:00:00-05:00,141.99023924889724,146.02697529477953,141.91089111505244,144.7375946044922,70555800,0.0,0.0
2023-01-30 00:00:00-05:00,143.7755344125045,144.3607098736859,141.68277467662222,141.83154296875,64015300,0.0,0.0
2023-01-31 00:00:00-05:00,141.53398803448212,143.16058690592604,141.11742169188037,143.11099243164062,65874500,0.0,0.0
2023-02-01 00:00:00-05:00,142.79362209752853,145.41205004770455,140.16528130564882,144.24168395996094,77663600,0.0,0.0
2023-02-02 00:00:00-05:00,147.68333668532975,149.94470566563427,146.95930573013743,149.58766174316406,118339000,0.0,0.0
2023-02-03 00:00:00-05:00,146.8204299335166,156.0940361438759,146.6220671815849,153.23756408691406,154357300,0.0,0.0
2023-02-06 00:00:00-05:00,151.32336702897754,151.849035220328,149.54798453553238,150.49021911621094,69858300,0.0,0.0
2023-02-07 00:00:00-05:00,149.4091236002955,153.96161518919234,149.4091236002955,153.3863525390625,83322600,0.0,0.0
2023-02-08 00:00:00-05:00,152.62265672848352,153.3169340260695,149.93479338498142,150.6786651611328,64120100,0.0,0.0
2023-02-09 00:00:00-05:00,152.52344804031935,153.06895696574986,149.19090230890794,149.63722229003906,56007100,0.0,0.0
2023-02-10 00:00:00-05:00,148.46510591193487,150.33258113009356,148.22669804788154,150.00477600097656,57450700,0.23,0.0
2023-02-13 00:00:00-05:00,149.94517712044828,153.2331412160141,149.9153780322336,152.8258819580078,62199000,0.0,0.0
2023-02-14 00:00:00-05:00,151.1073784535674,152.74640399840575,149.85577134795844,152.18019104003906,61707600,0.0,0.0
2023-02-15 00:00:00-05:00,152.09079711349656,154.4648870542148,151.8623323927424,154.2960205078125,65573800,0.0,0.0
2023-02-16 00:00:00-05:00,152.48810208038685,155.289337049513,152.3291786952642,152.68678283691406,68167900,0.0,0.0
2023-02-17 00:00:00-05:00,151.33584976287673,151.98151681062407,149.84583489218434,151.53451538085938,59144100,0.0,0.0
2023-02-21 00:00:00-05:00,149.2001593398352,150.29284302328347,147.4220815173684,147.49160766601562,58867200,0.0,0.0
2023-02-22 00:00:00-05:00,147.87898947552495,148.9518018933823,146.18038118182764,147.91873168945312,51011300,0.0,0.0
2023-02-23 00:00:00-05:00,149.09088105239147,149.33921685872454,146.25986195452327,148.4054718017578,48394200,0.0,0.0
2023-02-24 00:00:00-05:00,146.13076028510432,146.21022958255327,144.75001345101813,145.73342895507812,55469600,0.0,0.0
2023-02-27 00:00:00-05:00,146.72675489244764,148.177027715123,146.46847591731765,146.9353485107422,44998500,0.0,0.0
2023-02-28 00:00:00-05:00,146.07113725599223,148.08762296946617,145.85260051448327,146.42874145507812,50547000,0.0,0.0
2023-03-01 00:00:00-05:00,145.8525984613652,146.24992971821598,144.04470638109774,144.34271240234375,55479000,0.0,0.0
2023-03-02 00:00:00-05:00,143.41892180572987,145.7334136959779,142.94210607096133,144.93873596191406,52238100,0.0,0.0
2023-03-03 00:00:00-05:00,147.05454091070584,150.10411223014592,146.349275629619,150.02464294433594,70732300,0.0,0.0
2023-03-06 00:00:00-05:00,152.76627279113367,155.25957439269146,152.4384828118315,152.80601501464844,87558000,0.0,0.0
2023-03-07 00:00:00-05:00,152.67687814265383,153.0046832847955,150.1239934764731,150.5908660888672,56182000,0.0,0.0
2023-03-08 00:00:00-05:00,151.7927730485499,152.44838320295335,150.81930094963278,151.8523712158203,47204800,0.0,0.0
2023-03-09 00:00:00-05:00,152.53780112788675,153.51127335874227,149.2299659811253,149.5875701904297,53833600,0.0,0.0
2023-03-10 00:00:00-05:00,149.21009825890013,149.93523459713467,146.62739971127073,147.511474609375,68572400,0.0,0.0
2023-03-13 00:00:00-04:00,146.82607169745242,152.12059333956097,146.7168033274571,149.46836853027344,84457100,0.0,0.0
2023-03-14 00:00:00-04:00,150.2729871081838,152.37887024862,149.10084918125187,151.5742645263672,73695900,0.0,0.0
2023-03-15 00:00:00-04:00,150.1835672667274,152.22985192123198,148.922017104665,151.97158813476562,77167900,0.0,0.0
2023-03-16 00:00:00-04:00,151.1471217935264,155.4185010609706,150.63057902794299,154.81256103515625,76161100,0.0,0.0
2023-03-17 00:00:00-04:00,155.04102855620215,155.69663879085002,153.25300753316992,153.9682159423828,98944600,0.0,0.0
2023-03-20 00:00:00-04:00,154.03775726901713,156.76945142315574,153.12386806819134,156.35223388671875,73641400,0.0,0.0
2023-03-21 00:00:00-04:00,156.27278209700566,158.33892291342758,155.49796034432674,158.2197265625,73938300,0.0,0.0
2023-03-22 00:00:00-04:00,158.23958901679225,161.06068032066997,156.75950205913892,156.7793731689453,75701800,0.0,0.0
2023-03-23 00:00:00-04:00,157.77274505989345,160.4746405091743,156.6303909757797,157.8720703125,67622100,0.0,0.0
2023-03-24 00:00:00-04:00,157.80254177883407,159.2726858473861,156.79927034644692,159.18328857421875,59196500,0.0,0.0
2023-03-27 00:00:00-04:00,158.87534836141765,159.69982521546632,156.8191202150762,157.2263946533203,52390300,0.0,0.0
2023-03-28 00:00:00-04:00,156.91843253156964,157.43497525938974,154.94167403119943,156.60055541992188,45992200,0.0,0.0
2023-03-29 00:00:00-04:00,158.30912406524232,159.97794876683633,158.28926811153536,159.69981384277344,51305700,0.0,0.0
2023-03-30 00:00:00-04:00,160.45474381405464,161.38848895155388,160.19648000979112,161.2792205810547,49501700,0.0,0.0
2023-03-31 00:00:00-04:00,161.3586760227106,163.90163225558223,160.8322053256183,163.8022918701172,68749800,0.0,0.0
2023-04-03 00:00:00-04:00,163.17651178292027,165.18305438058218,163.1268415853667,165.06385803222656,56976200,0.0,0.0
2023-04-04 00:00:00-04:00,165.49102544172388,165.72941816998127,164.01093823918015,164.52748107910156,46278300,0.0,0.0
2023-04-05 00:00:00-04:00,163.64337869268445,163.95131268675533,160.7229470013281,162.66989135742188,51511700,0.0,0.0
2023-04-06 00:00:00-04:00,161.34873743942273,163.86190981617708,160.9216071157516,163.56390380859375,45390100,0.0,0.0
2023-04-10 00:00:00-04:00,160.3454759875675,160.951416015625,159.0143995840367,160.951416015625,47716900,0.0,0.0
2023-04-11 00:00:00-04:00,161.26929948702247,161.27922746395842,159.44153619728579,159.7296142578125,47644200,0.0,0.0
2023-04-12 00:00:00-04:00,160.1468109058442,160.98121565505156,158.7163941030795,159.03427124023438,50133100,0.0,0.0
2023-04-13 00:00:00-04:00,160.55408432025146,164.6963241111712,160.34547555561957,164.45791625976562,68445600,0.0,0.0
2023-04-14 00:00:00-04:00,163.49439203306096,165.21288708569813,162.72952850269198,164.1102752685547,49386500,0.0,0.0
2023-04-17 00:00:00-04:00,163.9910594823841,164.2890655360339,162.93811789574337,164.130126953125,41516200,0.0,0.0
2023-04-18 00:00:00-04:00,164.99434523275826,166.2956226649938,164.5473285758197,165.36187744140625,49923000,0.0,0.0
2023-04-19 00:00:00-04:00,164.69632481046705,167.0406156423196,164.43804584771036,166.51414489746094,47720200,0.0,0.0
2023-04-20 00:00:00-04:00,164.9844100246207,166.75256015359898,164.4579392085327,165.54067993164062,52456400,0.0,0.0
2023-04-21 00:00:00-04:00,163.95130787424526,165.34198237349136,163.3950380745468,163.9215087890625,58337300,0.0,0.0
2023-04-24 00:00:00-04:00,163.90165653797987,164.49766862464114,162.79904478770843,164.22946166992188,41949600,0.0,0.0
2023-04-25 00:00:00-04:00,164.09038578626408,165.20292545659441,162.64009786696957,162.67984008789062,48714100,0.0,0.0
2023-04-26 00:00:00-04:00,161.97455408738838,164.1797773989344,161.71629028915186,162.66989135742188,45498800,0.0,0.0
2023-04-27 00:00:00-04:00,164.0903739509735,167.4379358543544,164.0903739509735,167.2889404296875,64902300,0.0,0.0
2023-04-28 00:00:00-04:00,167.36842548571988,168.71937303983694,166.76248543959642,168.5504913330078,55209200,0.0,0.0
2023-05-01 00:00:00-04:00,168.15317131458366,169.3153812859868,167.51743213816098,168.4611053466797,52472900,0.0,0.0
2023-05-02 00:00:00-04:00,168.95776073048643,169.21603969288225,166.42473224699455,167.41807556152344,48425700,0.0,0.0
2023-05-03 00:00:00-04:00,168.37171476989755,169.78226064998861,166.04729473470033,166.33535766601562,65136000,0.0,0.0
2023-05-04 00:00:00-04:00,163.79238316290207,165.92806528670815,163.21624220530038,164.68638610839844,81235400,0.0,0.0
2023-05-05 00:00:00-04:00,169.84184103114393,173.13974821486352,169.62330428247736,172.41461181640625,113316400,0.0,0.0
2023-05-08 00:00:00-04:00,171.33184784756818,172.69273847315233,170.96431567750452,172.34506225585938,55962800,0.0,0.0
2023-05-09 00:00:00-04:00,171.89806515550893,172.38479368338398,170.45772036794094,170.6265869140625,45326900,0.0,0.0
2023-05-10 00:00:00-04:00,171.86826436576024,172.87153565591404,170.75570954760406,172.4046630859375,53724500,0.0,0.0
2023-05-11 00:00:00-04:00,172.69273944112518,173.42780378537267,171.02391480886706,172.59339904785156,49514700,0.0,0.0
2023-05-12 00:00:00-04:00,172.70281198942,173.14049002795343,170.096657532202,171.6583709716797,45497800,0.24,0.0
2023-05-15 00:00:00-04:00,172.2452489415101,172.29498784146224,170.56417429912446,171.1610107421875,37266700,0.0,0.0
2023-05-16 00:00:00-04:00,171.08143153790036,172.22535034589302,170.892432824991,171.1610107421875,42110300,0.0,0.0
2023-05-17 00:00:00-04:00,170.80290655957378,172.016447646926,169.51971280065382,171.77772521972656,57951600,0.0,0.0
2023-05-18 00:00:00-04:00,172.0860859807688,174.31425810732384,171.66830655294862,174.12525939941406,65496700,0.0,0.0
2023-05-19 00:00:00-04:00,175.45819353055688,175.45819353055688,174.01585640235388,174.2346954345703,55772400,0.0,0.0
2023-05-22 00:00:00-04:00,173.0609156133476,173.78707018746078,172.53371664638868,173.27975463867188,43570900,0.0,0.0
2023-05-23 00:00:00-04:00,172.21541526739742,172.46409459855087,170.37518214558924,170.65370178222656,50747300,0.0,0.0
2023-05-24 00:00:00-04:00,170.1861824697135,171.50915832540235,169.6192014905221,170.93222045898438,45143500,0.0,0.0
2023-05-25 00:00:00-04:00,171.49923395026929,172.98135319138646,170.78303619392656,172.076171875,56058300,0.0,0.0
2023-05-26 00:00:00-04:00,172.40441117246095,174.8414655423346,172.19551385930305,174.5032501220703,54835000,0.0,0.0
2023-05-30 00:00:00-04:00,176.0251878074524,178.04446280077002,175.63724865056335,176.36338806152344,55964400,0.0,0.0
2023-05-31 00:00:00-04:00,176.3932388815845,178.40257228537868,175.82624267639096,176.31365966796875,99625300,0.0,0.0
2023-06-01 00:00:00-04:00,176.76125247575317,179.16846640190982,175.99531594255492,179.1386260986328,68901800,0.0,0.0
2023-06-02 00:00:00-04:00,180.07365878956216,180.81969671146936,178.31300504397063,179.99407958984375,61945900,0.0,0.0
2023-06-05 00:00:00-04:00,181.6652231614469,183.9729593769144,177.09945927418482,178.63133239746094,121946500,0.0,0.0
2023-06-06 00:00:00-04:00,179.01927007383526,179.16847159454443,176.49267968316457,178.26329040527344,64848400,0.0,0.0
2023-06-07 00:00:00-04:00,177.49735033746626,180.25272139809334,176.38327186306722,176.88063049316406,61944600,0.0,0.0
2023-06-08 00:00:00-04:00,176.96019566720025,179.88466685968396,176.5225328195427,179.61610412597656,50214900,0.0,0.0
2023-06-09 00:00:00-04:00,180.5411995299929,181.26733894763296,179.6758002900906,180.00405883789062,48870700,0.0,0.0
2023-06-12 00:00:00-04:00,180.31241504815586,182.91856960136246,180.0139968128754,182.819091796875,54274900,0.0,0.0
2023-06-13 00:00:00-04:00,181.83432866057996,183.1771879321921,181.47622981918036,182.3416290283203,54929100,0.0,0.0
2023-06-14 00:00:00-04:00,182.40131833260028,183.4159342946221,181.0584589969838,182.97825622558594,57462900,0.0,0.0
2023-06-15 00:00:00-04:00,182.98820069184538,185.53467454445408,182.80914368567494,185.02735900878906,65433200,0.0,0.0
2023-06-16 00:00:00-04:00,185.74356646769044,186.00220269266032,183.29657028710375,183.94313049316406,101235600,0.0,0.0
2023-06-20 00:00:00-04:00,183.43581728857993,185.1168919206648,183.43581728857993,184.0326385498047,49799100,0.0,0.0
2023-06-21 00:00:00-04:00,183.9232264876442,184.4305420351313,181.62543190581744,182.9882049560547,49515700,0.0,0.0
2023-06-22 00:00:00-04:00,182.76935787950543,186.06186963677442,182.6997203846116,186.0121307373047,51245300,0.0,0.0
2023-06-23 00:00:00-04:00,184.56979691773458,186.56917321431695,184.03264107925006,185.69381713867188,53079300,0.0,0.0
2023-06-26 00:00:00-04:00,185.8430469425763,187.05660334094404,184.2514930888599,184.29129028320312,48088700,0.0,0.0
2023-06-27 00:00:00-04:00,184.90799365480206,187.39478684246586,184.68915464003317,187.0665283203125,50730800,0.0,0.0
2023-06-28 00:00:00-04:00,186.93721005316613,188.89680429757664,186.60896670948247,188.250244140625,51216800,0.0,0.0
2023-06-29 00:00:00-04:00,188.08113960762984,189.065915150093,187.94187979964138,188.58843994140625,46347300,0.0,0.0
2023-06-30 00:00:00-04:00,190.6176777017229,193.45261284992773,190.24962198603617,192.9453125,85069600,0.0,0.0
2023-07-03 00:00:00-04:00,192.75631728389888,192.8557950852252,190.74698408692234,191.44329833984375,31458200,0.0,0.0
2023-07-05 00:00:00-04:00,190.5580125336322,191.96055248017748,189.61301889614603,190.31927490234375,46920300,0.0,0.0
2023-07-06 00:00:00-04:00,188.83712812170648,191.005619722992,188.2005096584099,190.79672241210938,45094300,0.0,0.0
2023-07-07 00:00:00-04:00,190.3988382587058,191.65217656769724,189.23502086217493,189.6726837158203,46778000,0.0,0.0
2023-07-10 00:00:00-04:00,188.26019238153464,188.98634694518068,186.051918741953,187.61363220214844,59922200,0.0,0.0
2023-07-11 00:00:00-04:00,188.16072225318817,188.29998206372565,185.61424847297073,187.08642578125,46638100,0.0,0.0
2023-07-12 00:00:00-04:00,188.67796574074268,190.68729888937372,187.4743663358331,188.7675018310547,60750200,0.0,0.0
2023-07-13 00:00:00-04:00,189.49366524791049,190.18002268440432,188.777467503585,189.533447265625,41342300,0.0,0.0
2023-07-14 00:00:00-04:00,189.22507106062216,190.17004947662323,188.62824977702334,189.68264770507812,41573900,0.0,0.0
2023-07-17 00:00:00-04:00,190.88625441172096,193.293483768359,190.79673349250726,192.96522521972656,50520200,0.0,0.0
2023-07-18 00:00:00-04:00,192.32860647175215,193.30342522880431,191.40351143985535,192.7065887451172,48353800,0.0,0.0
2023-07-19 00:00:00-04:00,192.07991659736527,197.1828060224414,191.63228167006224,194.06935119628906,80507300,0.0,0.0
2023-07-20 00:00:00-04:00,194.05940928614615,195.4321241223634,191.48309492447163,192.10977172851562,59581200,0.0,0.0
2023-07-21 00:00:00-04:00,193.07463365633907,193.94003284877496,190.21978468927597,190.92604064941406,71917800,0.0,0.0
2023-07-24 00:00:00-04:00,192.3882828289679,193.88035882699958,191.23440708105974,191.7317657470703,45377800,0.0,0.0
2023-07-25 00:00:00-04:00,192.30867614450034,193.4128128324151,191.90083845387872,192.59713745117188,37283200,0.0,0.0
2023-07-26 00:00:00-04:00,192.64690172314465,194.60649605963144,192.2987597677282,193.47251892089844,47471900,0.0,0.0
2023-07-27 00:00:00-04:00,194.98449128781732,196.15825042767918,191.5328210090714,192.19927978515625,47460200,0.0,0.0
2023-07-28 00:00:00-04:00,193.64161076448937,195.59126330855048,193.11441182119256,194.7954864501953,48291400,0.0,0.0
2023-07-31 00:00:00-04:00,195.0242618069628,195.45199811755646,194.22848497050867,195.41220092773438,38824100,0.0,0.0
2023-08-01 00:00:00-04:00,195.20332163169834,195.69072337772218,194.24838637848805,194.57664489746094,35175100,0.0,0.0
2023-08-02 00:00:00-04:00,194.0096640120874,194.14892383306034,190.83652843576235,191.5626678466797,50389300,0.0,0.0
2023-08-03 00:00:00-04:00,190.55799122249232,191.353752881428,189.6826351838462,190.16009521484375,61235200,0.0,0.0
2023-08-04 00:00:00-04:00,184.53996114899044,186.39013596823676,180.9589727316809,181.0286102294922,115799700,0.0,0.0
2023-08-07 00:00:00-04:00,181.16786870937892,182.16258602037854,176.41312117705527,177.9051971435547,97576100,0.0,0.0
2023-08-08 00:00:00-04:00,178.74073919038509,179.31767699775307,176.64188525492818,178.85015869140625,67823000,0.0,0.0
2023-08-09 00:00:00-04:00,179.9145074791464,179.9741880867417,176.07489821598116,177.24867248535156,60378500,0.0,0.0
2023-08-10 00:00:00-04:00,178.53186391046853,179.7951591819979,176.6618056326716,177.02984619140625,54686900,0.0,0.0
2023-08-11 00:00:00-04:00,176.62148034917087,177.9163470249328,175.85450939913832,177.08961486816406,51988100,0.24,0.0
2023-08-14 00:00:00-04:00,177.26890077886847,178.98212617439026,176.6114971552821,178.75303649902344,43675600,0.0,0.0
2023-08-15 00:00:00-04:00,178.1753205708948,178.77294779686,176.3525278942784,176.75094604492188,43622600,0.0,0.0
2023-08-16 00:00:00-04:00,176.43221164716573,177.8366454841051,175.80468863153288,175.87442016601562,46964900,0.0,0.0
2023-08-17 00:00:00-04:00,176.44215882465045,176.81069635121747,172.79657369608665,173.3145294189453,66062900,0.0,0.0
2023-08-18 00:00:00-04:00,171.62125231730667,174.4102251653838,171.2825953454054,173.80262756347656,61114200,0.0,0.0
2023-08-21 00:00:00-04:00,174.3803221762426,175.43614389350165,173.05555986350222,175.14727783203125,46311900,0.0,0.0
2023-08-22 00:00:00-04:00,176.36247085413768,176.98002350460862,175.55566427563798,176.53179931640625,42084200,0.0,0.0
2023-08-23 00:00:00-04:00,177.81673061512114,180.83479281435834,177.62747668205387,180.40647888183594,52722800,0.0,0.0
2023-08-24 00:00:00-04:00,179.95825849517618,180.3865724367749,175.31661266513547,175.68516540527344,54945800,0.0,0.0
2023-08-25 00:00:00-04:00,176.68122187267136,178.44423806969624,175.1273698759211,177.9063720703125,51449600,0.0,0.0
2023-08-28 00:00:00-04:00,179.38055143384355,179.8785817383622,177.84662478334474,179.48016357421875,43820700,0.0,0.0
2023-08-29 00:00:00-04:00,178.99206775998695,184.17157928985955,178.79285870089126,183.3946533203125,53003900,0.0,0.0
2023-08-30 00:00:00-04:00,184.2114358326404,187.1099756066152,184.01222676747608,186.91075134277344,60813900,0.0,0.0
2023-08-31 00:00:00-04:00,187.10001746950064,188.3749738080676,186.74143504936131,187.12989807128906,60794500,0.0,0.0
2023-09-01 00:00:00-04:00,188.74353416744572,189.17183294279192,187.53829411825552,188.71365356445312,45732600,0.0,0.0
2023-09-05 00:00:00-04:00,187.53827834394804,189.23157823204195,186.8709196021154,188.9526824951172,45280000,0.0,0.0
2023-09-06 00:00:00-04:00,187.65780052908354,188.10603993310986,180.75510825015328,182.18943786621094,81755800,0.0,0.0
2023-09-07 00:00:00-04:00,174.48987524048817,177.50795260998015,172.85633658962263,176.86050415039062,112488800,0.0,0.0
2023-09-08 00:00:00-04:00,177.64740152618924,179.52995531910727,177.0895948627475,177.47805786132812,65551300,0.0,0.0
2023-09-11 00:00:00-04:00,179.36062150756237,179.58971116690367,176.6413653998606,178.65341186523438,58953100,0.0,0.0
2023-09-12 00:00:00-04:00,178.7829197037159,179.4203978695645,174.13131860001627,175.60548400878906,90370200,0.0,0.0
2023-09-13 00:00:00-04:00,175.8146392253836,176.60153555778948,173.29460729254302,173.52371215820312,84267900,0.0,0.0
2023-09-14 00:00:00-04:00,173.31453291514495,175.40626611600567,172.89618931470832,175.0476837158203,60895800,0.0,0.0
2023-09-15 00:00:00-04:00,175.78475152221694,175.80467698770343,173.13524216223524,174.32054138183594,109205100,0.0,0.0
2023-09-18 00:00:00-04:00,175.7847698787979,178.6733547289085,175.47599352555886,177.26890563964844,67257600,0.0,0.0
2023-09-19 00:00:00-04:00,176.8206661565984,178.9223544426158,176.43220316528132,178.36456298828125,51826900,0.0,0.0
2023-09-20 00:00:00-04:00,178.55381295663022,178.99208204081407,174.70901853448765,174.79867553710938,58436200,0.0,0.0
2023-09-21 00:00:00-04:00,173.86236460260469,175.60547049051658,173.17508042072535,173.2447967529297,63047900,0.0,0.0
2023-09-22 00:00:00-04:00,173.98190276276097,176.3824124507124,173.36435005581257,174.10142517089844,56725400,0.0,0.0
2023-09-25 00:00:00-04:00,173.51373864876115,176.27283053055115,173.4639325832827,175.38633728027344,46172700,0.0,0.0
2023-09-26 00:00:00-04:00,174.13131127312985,174.50980394404405,170.98375631226943,171.28257751464844,64588900,0.0,0.0
2023-09-27 00:00:00-04:00,171.93996571470467,172.35830931806112,168.38403748683606,169.7585906982422,66921800,0.0,0.0
2023-09-28 00:00:00-04:00,168.67289029975677,171.35229561756515,166.9596649336937,170.017578125,56294400,0.0,0.0
2023-09-29 00:00:00-04:00,171.34234435362447,172.38821099702767,169.6689546844437,170.53553771972656,51814200,0.0,0.0
2023-10-02 00:00:00-04:00,170.5454742181564,173.61334227752477,170.25660817173423,173.0655059814453,52164500,0.0,0.0
2023-10-03 00:00:00-04:00,171.58139257878477,172.94600592868312,170.1470780892458,171.72084045410156,49594600,0.0,0.0
2023-10-04 00:00:00-04:00,170.41599298863576,173.5237121875235,170.29647058822079,172.9758758544922,53020300,0.0,0.0
2023-10-05 00:00:00-04:00,173.1053643215982,174.75882855892928,171.9997364518983,174.22096252441406,48527900,0.0,0.0
2023-10-06 00:00:00-04:00,173.11532100137313,177.28881700197198,172.4977531453507,176.79078674316406,57224100,0.0,0.0
2023-10-09 00:00:00-04:00,176.11346171048461,178.34464279243045,175.107446036238,178.28488159179688,42390800,0.0,0.0
2023-10-10 00:00:00-04:00,177.39838972900156,179.01200295364612,177.24897152755216,177.68724060058594,43698000,0.0,0.0
2023-10-11 00:00:00-04:00,177.4979719798113,179.14148086771672,176.90034481949013,179.0916748046875,47551100,0.0,0.0
2023-10-12 00:00:00-04:00,179.36061456407367,181.62166086820807,178.33465830613846,179.9980926513672,56743100,0.0,0.0
2023-10-13 00:00:00-04:00,180.70529917229268,181.21328457006672,177.43822185623165,178.1454315185547,51427100,0.0,0.0
2023-10-16 00:00:00-04:00,176.05368981457053,178.37451255647653,175.81462982788145,178.01593017578125,52517000,0.0,0.0
2023-10-17 00:00:00-04:00,175.95408765178922,177.7171190566085,174.11138477890506,176.45211791992188,57549400,0.0,0.0
2023-10-18 00:00:00-04:00,174.88830756888308,176.8804286048216,174.42015790954335,175.14727783203125,54764400,0.0,0.0
2023-10-19 00:00:00-04:00,175.34648528963,177.13939724528618,174.4998429763182,174.76878356933594,59302900,0.0,0.0
2023-10-20 00:00:00-04:00,174.61937928453216,174.72894655718065,171.9598993378951,172.19895935058594,64189300,0.0,0.0
2023-10-23 00:00:00-04:00,170.2367184674421,173.32449716604125,169.26056814973236,172.3184814453125,55980100,0.0,0.0
2023-10-24 00:00:00-04:00,172.36828137785076,172.9858340558493,170.7745784168946,172.75674438476562,43816600,0.0,0.0
2023-10-25 00:00:00-04:00,171.20290568858636,172.37824993483963,169.9777401724937,170.4259796142578,57157000,0.0,0.0
2023-10-26 00:00:00-04:00,169.6988303904158,170.70486126921912,165.01734886306932,166.2325439453125,70625300,0.0,0.0
2023-10-27 00:00:00-04:00,166.2524750834875,168.2944023125671,166.17278841323267,167.55731201171875,58499100,0.0,0.0
2023-10-30 00:00:00-04:00,168.354139552501,170.49566341557153,168.20472136753665,169.61912536621094,51131000,0.0,0.0
2023-10-31 00:00:00-04:00,168.68285540471834,170.22673705418583,167.23855548952244,170.09725952148438,44846000,0.0,0.0
2023-11-01 00:00:00-04:00,170.3263517013589,173.54362297786597,169.44981356586865,173.28465270996094,56934900,0.0,0.0
2023-11-02 00:00:00-04:00,174.82854109962707,177.0796323308577,174.7687799021387,176.87046813964844,77334800,0.0,0.0
2023-11-03 00:00:00-04:00,173.5536070313156,176.1234452418895,172.66711369190156,175.9541015625,79763700,0.0,0.0
2023-11-06 00:00:00-05:00,175.6851773863141,178.72315012471958,175.51584890440174,178.52394104003906,63841300,0.0,0.0
2023-11-07 00:00:00-05:00,178.47412994779373,181.72129721157424,178.26496573430168,181.10374450683594,70530000,0.0,0.0
2023-11-08 00:00:00-05:00,181.63164388842938,182.7273013532089,180.8746281577945,182.1695098876953,49340300,0.0,0.0
2023-11-09 00:00:00-05:00,182.2392578900281,183.39467665929354,181.0937790567685,181.69142150878906,53763500,0.0,0.0
2023-11-10 00:00:00-05:00,183.48666979314862,186.0798450837419,183.04782333916816,185.9102783203125,66133400,0.24,0.0
2023-11-13 00:00:00-05:00,185.3318080889376,185.5412478398733,183.72603738406337,184.31448364257812,43627500,0.0,0.0
2023-11-14 00:00:00-05:00,187.2068669849832,187.61579347557358,185.81055118626102,186.9475555419922,60108400,0.0,0.0
2023-11-15 00:00:00-05:00,187.35648416635163,189.00214317778068,187.28666076626993,187.51605224609375,53790500,0.0,0.0
2023-11-16 00:00:00-05:00,189.07197729733983,190.45832494142388,188.15438088861924,189.21160888671875,54412900,0.0,0.0
2023-11-17 00:00:00-05:00,189.75017672813084,189.87984006315943,188.07459771561332,189.191650390625,50922700,0.0,0.0
2023-11-20 00:00:00-05:00,189.39112233533035,191.40581967333242,189.38115408596002,190.947021484375,46505100,0.0,0.0
2023-11-21 00:00:00-05:00,190.9071261941555,191.016837807969,189.24151548895097,190.13914489746094,38134500,0.0,0.0
2023-11-22 00:00:00-05:00,190.98693859688572,192.42314276283437,190.32866884247025,190.80740356445312,39617700,0.0,0.0
2023-11-24 00:00:00-05:00,190.3685308718234,190.39845083666222,188.7527918957252,189.4709014892578,24048300,0.0,0.0
2023-11-27 00:00:00-05:00,189.42102990398243,190.16905946273172,188.40370544284727,189.29136657714844,40552600,0.0,0.0
2023-11-28 00:00:00-05:00,189.28139878125378,190.57798639659453,188.9023922672633,189.89976501464844,38415400,0.0,0.0
2023-11-29 00:00:00-05:00,190.39846146658158,191.5853375337861,188.47353926721377,188.8724822998047,43014200,0.0,0.0
2023-11-30 00:00:00-05:00,189.34124663640054,189.8199965326488,187.69558762181254,189.45095825195312,48794400,0.0,0.0
2023-12-01 00:00:00-05:00,189.82996644714217,191.05673072730082,188.7328502819914,190.73757934570312,45679300,0.0,0.0
2023-12-04 00:00:00-05:00,189.4808700658805,189.55069346309216,186.95751823543674,188.93231201171875,43389500,0.0,0.0
2023-12-05 00:00:00-05:00,189.71029172996927,193.8892710828005,189.68035654401535,192.91184997558594,66628400,0.0,0.0
2023-12-06 00:00:00-05:00,193.93913674443937,194.24831987557903,191.60528805902925,191.8147430419922,41089700,0.0,0.0
2023-12-07 00:00:00-05:00,193.12131027911408,194.4877062169098,193.0814068425452,193.75962829589844,47477700,0.0,0.0
2023-12-08 00:00:00-05:00,193.68980381887073,195.47510973724528,193.1611974275245,195.1958465576172,53377300,0.0,0.0
2023-12-11 00:00:00-05:00,192.6026771637971,192.9816837275881,190.9171145642455,192.6724853515625,60943700,0.0,0.0
2023-12-12 00:00:00-05:00,192.5727484810618,194.2084393189364,191.21632081901691,194.19847106933594,52696900,0.0,0.0
2023-12-13 00:00:00-05:00,194.57745586327718,197.479814363225,194.3380961312905,197.43992614746094,70404200,0.0,0.0
2023-12-14 00:00:00-05:00,197.49976341714512,199.0955507441078,195.644649425759,197.5895233154297,66831600,0.0,0.0
2023-12-15 00:00:00-05:00,197.01104566267367,197.87875511854236,196.48243930235122,197.0509490966797,128256700,0.0,0.0
2023-12-18 00:00:00-05:00,195.57483773641422,196.11342759577343,193.8793069418093,195.3753662109375,55751900,0.0,0.0
2023-12-19 00:00:00-05:00,195.64465783257836,196.43257567143465,195.37536290745211,196.422607421875,40714100,0.0,0.0
2023-12-20 00:00:00-05:00,196.38269954805867,197.16064911977392,194.31814575195312,194.31814575195312,52242800,0.0,0.0
2023-12-21 00:00:00-05:00,195.58480075220214,196.56222177791878,192.99162553607198,194.16851806640625,46482500,0.0,0.0
2023-12-22 00:00:00-05:00,194.66722055776037,194.89662726483317,192.46303513835062,193.0913848876953,37122800,0.0,0.0
2023-12-26 00:00:00-05:00,193.1013424779398,193.38060563585498,192.32339293536162,192.54281616210938,28919300,0.0,0.0
2023-12-27 00:00:00-05:00,191.98429313460466,192.99163417014543,190.58796210241144,192.64254760742188,48087700,0.0,0.0
2023-12-28 00:00:00-05:00,193.62995271865404,194.14859083036032,192.6624998954735,193.07142639160156,34049900,0.0,0.0
2023-12-29 00:00:00-05:00,193.39058105531936,193.88926745847252,191.22628389187872,192.02418518066406,42628800,0.0,0.0
2024-01-02 00:00:00-05:00,186.65831013752612,187.94492954928668,183.40688034565454,185.15228271484375,82488700,0.0,0.0
2024-01-03 00:00:00-05:00,183.73601021061637,185.3916526370084,182.94807721140668,183.76593017578125,58414500,0.0,0.0
2024-01-04 00:00:00-05:00,181.67145813216527,182.6089910440528,180.4048055729743,181.43209838867188,71983600,0.0,0.0
2024-01-05 00:00:00-05:00,181.51187949442337,182.2798455851046,179.696653712011,180.70399475097656,62303300,0.0,0.0
2024-01-08 00:00:00-05:00,181.61160967008922,185.11239794134607,181.0231633700248,185.07249450683594,59144500,0.0,0.0
2024-01-09 00:00:00-05:00,183.43679896760196,184.6635632197217,182.2499229302573,184.65359497070312,42841800,0.0,0.0
2024-01-10 00:00:00-05:00,183.865689068051,185.91029121427303,183.43681083329736,185.7008514404297,46792900,0.0,0.0
2024-01-11 00:00:00-05:00,186.0499181222305,186.55858799759886,183.1375913301092,185.1024169921875,49128400,0.0,0.0
2024-01-12 00:00:00-05:00,185.57118065545922,186.2494020729004,184.7034711898062,185.43154907226562,40444700,0.0,0.0
2024-01-16 00:00:00-05:00,181.68142855063,183.7759022492629,180.454649078537,183.14756774902344,65603000,0.0,0.0
2024-01-17 00:00:00-05:00,180.79377388475157,182.4494011863878,179.8263210396568,182.20005798339844,47317400,0.0,0.0
2024-01-18 00:00:00-05:00,185.601094580686,188.64308456413906,185.3417831399673,188.13442993164062,78005800,0.0,0.0
2024-01-19 00:00:00-05:00,188.83259508280878,191.4457069631133,188.32394043075982,191.05673217773438,68741000,0.0,0.0
2024-01-22 00:00:00-05:00,191.79478097126298,194.8168191563691,191.75487753918551,193.38059997558594,60133900,0.0,0.0
2024-01-23 00:00:00-05:00,194.50765298322878,195.23573088570404,193.32077688410376,194.66722106933594,42355600,0.0,0.0
2024-01-24 00:00:00-05:00,194.90657950992693,195.86406403893943,193.82941512180048,193.98899841308594,53631300,0.0,0.0
2024-01-25 00:00:00-05:00,194.70712611253646,195.75437063327604,192.60266882143753,193.65988159179688,54822100,0.0,0.0
2024-01-26 00:00:00-05:00,193.75962027533646,194.24832321281087,191.43573979920887,191.9144744873047,44594000,0.0,0.0
2024-01-29 00:00:00-05:00,191.50553573476222,191.69503899174566,189.08192726374344,191.2262725830078,47145600,0.0,0.0
2024-01-30 00:00:00-05:00,190.43836498444998,191.29610620172704,186.9774801488193,187.5459747314453,55859400,0.0,0.0
2024-01-31 00:00:00-05:00,186.54860624835527,186.60846140148647,183.86568613631536,183.91554260253906,55467800,0.0,0.0
2024-02-01 00:00:00-05:00,183.50663958553142,186.45885475432468,183.3370880241016,186.3690948486328,64885400,0.0,0.0
2024-02-02 00:00:00-05:00,179.38747158913486,186.83784758825826,178.77907357519368,185.3617401123047,102518000,0.0,0.0
2024-02-05 00:00:00-05:00,187.65568660043076,188.7528027700622,185.35175786290594,187.18692016601562,69668800,0.0,0.0
2024-02-06 00:00:00-05:00,186.3690812824401,188.81264158907206,186.27932138328205,188.80267333984375,43490800,0.0,0.0
2024-02-07 00:00:00-05:00,190.13914830513974,190.54807480201896,188.11448275650494,188.91238403320312,53439000,0.0,0.0
2024-02-08 00:00:00-05:00,188.89243734894671,189.04203718413183,186.85780349692203,187.82525634765625,40962000,0.0,0.0
2024-02-09 00:00:00-05:00,188.3944664742411,189.7326630180708,187.74535299795403,188.59420776367188,45155200,0.24,0.0
2024-02-12 00:00:00-05:00,188.16478368820478,188.4144450637445,186.536986643487,186.89649963378906,41781900,0.0,0.0
2024-02-13 00:00:00-05:00,185.51837458687666,185.95778103499313,183.2614260557549,184.7893524169922,56529500,0.0,0.0
2024-02-14 00:00:00-05:00,185.06898708917217,185.27869410596878,182.19288323956735,183.9005584716797,54630500,0.0,0.0
2024-02-15 00:00:00-05:00,183.30138424771062,184.240113454146,181.10436719922916,183.6109619140625,65434500,0.0,0.0
2024-02-16 00:00:00-05:00,183.1715463740003,184.59961728947957,181.423916838756,182.06304931640625,49701400,0.0,0.0
2024-02-20 00:00:00-05:00,181.54375584994284,182.18288835024262,179.75618713817525,181.31407165527344,53665600,0.0,0.0
2024-02-21 00:00:00-05:00,181.69356890706246,182.64227910636305,180.41530385657126,182.07305908203125,41529700,0.0,0.0
2024-02-22 00:00:00-05:00,183.23147587149185,184.70948221357625,182.2128684118245,184.12026977539062,52292200,0.0,0.0
2024-02-23 00:00:00-05:00,184.75939892074908,184.7893570667726,181.98316564301484,182.2727813720703,45119700,0.0,0.0
2024-02-26 00:00:00-05:00,181.99316607141998,182.51245077328556,180.4053081047406,180.9146270751953,40867400,0.0,0.0
2024-02-27 00:00:00-05:00,180.8547030249424,183.67087536253175,179.31678044812858,182.38262939453125,54318900,0.0,0.0
2024-02-28 00:00:00-05:00,182.26277525240613,182.87194958529,179.88600944777951,181.17425537109375,48953900,0.0,0.0
2024-02-29 00:00:00-05:00,181.0244726521513,182.32271483973864,179.2868240098617,180.5051727294922,136682600,0.0,0.0
2024-03-01 00:00:00-05:00,179.30680487820328,180.28547321411338,177.1397459439131,179.41665649414062,73488000,0.0,0.0
2024-03-04 00:00:00-05:00,175.91138901291154,176.66037309653981,173.55458515356978,174.86282348632812,81510100,0.0,0.0
2024-03-05 00:00:00-05:00,170.52870467118385,171.80696972644216,169.3902493801531,169.8895721435547,95132400,0.0,0.0
2024-03-06 00:00:00-05:00,170.82828954287993,171.00805364907467,168.45150847753882,168.8909149169922,68587700,0.0,0.0
2024-03-07 00:00:00-05:00,168.9208783745909,170.49874007583668,168.26178393280134,168.77108764648438,71765100,0.0,0.0
2024-03-08 00:00:00-05:00,168.77108115758023,173.46471172794804,168.71116486864128,170.4987335205078,76114600,0.0,0.0
2024-03-11 00:00:00-04:00,172.7057515488056,174.1438034764355,171.81695768216224,172.51600646972656,60139500,0.0,0.0
2024-03-12 00:00:00-04:00,172.91545260520832,173.79426547249196,170.77835196368503,172.99534606933594,59825400,0.0,0.0
2024-03-13 00:00:00-04:00,172.53598662218928,172.95541590196297,170.52869942269697,170.89820861816406,52488700,0.0,0.0
2024-03-14 00:00:00-04:00,172.67579633889267,174.07389393778828,171.81696060296508,172.7656707763672,72913500,0.0,0.0
2024-03-15 00:00:00-04:00,170.93815173679513,172.3861846923828,170.0593388034746,172.3861846923828,121664700,0.0,0.0
2024-03-18 00:00:00-04:00,175.33219568304634,177.46929641833623,173.28496938454825,173.4846954345703,75604200,0.0,0.0
2024-03-19 00:00:00-04:00,174.103843140035,176.37077256576342,172.7956200458163,175.84149169921875,55215200,0.0,0.0
2024-03-20 00:00:00-04:00,175.4819925290467,178.42799377441406,174.8528409733276,178.42799377441406,53423100,0.0,0.0
2024-03-21 00:00:00-04:00,176.81019291301712,177.24959938128188,170.60859750977383,171.13787841796875,106181300,0.0,0.0
2024-03-22 00:00:00-04:00,171.52734618968756,172.8156074225072,169.8296518814187,172.04664611816406,71106600,0.0,0.0
2024-03-25 00:00:00-04:00,170.3389717851223,171.7071112562591,169.22047845311536,170.61859130859375,54288300,0.0,0.0
2024-03-26 00:00:00-04:00,169.7697335443843,171.18780831365112,169.35030426655504,169.48013305664062,57388400,0.0,0.0
2024-03-27 00:00:00-04:00,170.17917536928525,173.3648568036976,169.87957868564428,173.0752410888672,60273300,0.0,0.0
2024-03-28 00:00:00-04:00,171.51736499268162,171.99671056703528,170.27903908430343,171.2477264404297,65672700,0.0,0.0
2024-04-01 00:00:00-04:00,170.9581303453955,171.0180466389652,169.25043978805195,169.79969787597656,46240500,0.0,0.0
2024-04-02 00:00:00-04:00,168.85097800610131,169.11062034274696,168.00212326080046,168.61129760742188,49329500,0.0,0.0
2024-04-03 00:00:00-04:00,168.56136082635754,170.4488001400144,168.35165381268482,169.42019653320312,47691700,0.0,0.0
2024-04-04 00:00:00-04:00,170.0593339640827,171.6871309906733,168.59133911132812,168.59133911132812,53704400,0.0,0.0
2024-04-05 00:00:00-04:00,169.36027698921268,170.15919639108571,168.72114451533827,169.3502960205078,42055200,0.0,0.0
2024-04-08 00:00:00-04:00,168.80104849688502,168.9708164041663,168.01212525268127,168.22183227539062,37425500,0.0,0.0
2024-04-09 00:00:00-04:00,168.4714829904534,169.84961857638837,168.1219662286822,169.44017028808594,42451200,0.0,0.0
2024-04-10 00:00:00-04:00,168.57135701279026,168.86095749196215,166.88364374411555,167.552734375,49709300,0.0,0.0
2024-04-11 00:00:00-04:00,168.11198039609073,175.2223467426814,167.93223151976522,174.8029022216797,91070300,0.0,0.0
2024-04-12 00:00:00-04:00,174.02396056517827,178.11841323915218,173.97404048032485,176.3108673095703,101593300,0.0,0.0
2024-04-15 00:00:00-04:00,175.12246672810386,176.3907507163252,172.26634013147174,172.45608520507812,73531800,0.0,0.0
2024-04-16 00:00:00-04:00,171.51735860621622,173.5246305050547,168.04207665484262,169.15057373046875,73711200,0.0,0.0
2024-04-17 00:00:00-04:00,169.38026555932345,170.41885018494213,167.77244567871094,167.77244567871094,50901200,0.0,0.0
2024-04-18 00:00:00-04:00,167.80240048283883,168.4115748413261,166.3244094241613,166.81373596191406,43122900,0.0,0.0
2024-04-19 00:00:00-04:00,165.98487225449642,166.17460209603956,163.85775250181075,164.77650451660156,67772100,0.0,0.0
2024-04-22 00:00:00-04:00,165.2957978276927,167.0334311443882,164.54681374618735,165.6153564453125,48116400,0.0,0.0
2024-04-23 00:00:00-04:00,165.12603141917054,166.8237256382575,164.69660595141522,166.67391967773438,49537800,0.0,0.0
2024-04-24 00:00:00-04:00,166.314409667324,169.07068091357843,165.98487007216977,168.7910614013672,48251800,0.0,0.0
2024-04-25 00:00:00-04:00,169.30036860607288,170.37890756324487,167.92223295444407,169.65988159179688,50558300,0.0,0.0
2024-04-26 00:00:00-04:00,169.64989490386353,171.10790873595283,168.95083089432222,169.0706787109375,44838400,0.0,0.0
2024-04-29 00:00:00-04:00,173.135155347243,175.79155587925112,172.86553204943687,173.26498413085938,68169400,0.0,0.0
2024-04-30 00:00:00-04:00,173.0952254245227,174.75298060286988,169.76973409860494,170.0992889404297,65934800,0.0,0.0
2024-05-01 00:00:00-04:00,169.35029821950587,172.47606337229135,168.88093363624031,169.0706787109375,50383100,0.0,0.0
2024-05-02 00:00:00-04:00,172.27632387025395,173.18509490154895,170.65852309137927,172.79562377929688,94214900,0.0,0.0
2024-05-03 00:00:00-04:00,186.39716669784414,186.74669869974952,182.41258111434803,183.13160705566406,163224100,0.0,0.0
2024-05-06 00:00:00-04:00,182.1030149635848,183.95050001542788,180.17562120419342,181.46388244628906,78569700,0.0,0.0
2024-05-07 00:00:00-04:00,183.2015043518014,184.6495372034914,181.07439990990315,182.15292358398438,77305800,0.0,0.0
2024-05-08 00:00:00-04:00,182.60232902746063,182.82203224839753,181.20421623621485,182.4924774169922,45057100,0.0,0.0
2024-05-09 00:00:00-04:00,182.31272011600538,184.4098817621062,181.86333268844692,184.32000732421875,48983000,0.0,0.0
2024-05-10 00:00:00-04:00,184.89999389648438,185.08999633789062,182.1300048828125,183.0500030517578,50759500,0.25,0.0
2024-05-13 00:00:00-04:00,185.44000244140625,187.10000610351562,184.6199951171875,186.27999877929688,72044800,0.0,0.0
2024-05-14 00:00:00-04:00,187.50999450683594,188.3000030517578,186.2899932861328,187.42999267578125,52393600,0.0,0.0
2024-05-15 00:00:00-04:00,187.91000366210938,190.64999389648438,187.3699951171875,189.72000122070312,70400000,0.0,0.0
2024-05-16 00:00:00-04:00,190.47000122070312,191.10000610351562,189.66000366210938,189.83999633789062,52845200,0.0,0.0
2024-05-17 00:00:00-04:00,189.50999450683594,190.80999755859375,189.17999267578125,189.8699951171875,41282900,0.0,0.0
2024-05-20 00:00:00-04:00,189.3300018310547,191.9199981689453,189.00999450683594,191.0399932861328,44361300,0.0,0.0
2024-05-21 00:00:00-04:00,191.08999633789062,192.72999572753906,190.9199981689453,192.35000610351562,42309400,0.0,0.0
2024-05-22 00:00:00-04:00,192.27000427246094,192.82000732421875,190.27000427246094,190.89999389648438,34648500,0.0,0.0
2024-05-23 00:00:00-04:00,190.97999572753906,191.0,186.6300048828125,186.8800048828125,51005900,0.0,0.0
2024-05-24 00:00:00-04:00,188.82000732421875,190.5800018310547,188.0399932861328,189.97999572753906,36294600,0.0,0.0
2024-05-28 00:00:00-04:00,191.50999450683594,193.0,189.10000610351562,189.99000549316406,52280100,0.0,0.0
2024-05-29 00:00:00-04:00,189.61000061035156,192.25,189.50999450683594,190.2899932861328,53068000,0.0,0.0
2024-05-30 00:00:00-04:00,190.75999450683594,192.17999267578125,190.6300048828125,191.2899932861328,49947900,0.0,0.0
2024-05-31 00:00:00-04:00,191.44000244140625,192.57000732421875,189.91000366210938,192.25,75158300,0.0,0.0
2024-06-03 00:00:00-04:00,192.89999389648438,194.99000549316406,192.52000427246094,194.02999877929688,50080500,0.0,0.0
2024-06-04 00:00:00-04:00,194.63999938964844,195.32000732421875,193.02999877929688,194.35000610351562,47471400,0.0,0.0
2024-06-05 00:00:00-04:00,195.39999389648438,196.89999389648438,194.8699951171875,195.8699951171875,54156800,0.0,0.0
2024-06-06 00:00:00-04:00,195.69000244140625,196.5,194.1699981689453,194.47999572753906,41181800,0.0,0.0
2024-06-07 00:00:00-04:00,194.64999389648438,196.94000244140625,194.13999938964844,196.88999938964844,53103900,0.0,0.0
2024-06-10 00:00:00-04:00,196.89999389648438,197.3000030517578,192.14999389648438,193.1199951171875,97262100,0.0,0.0
2024-06-11 00:00:00-04:00,193.64999389648438,207.16000366210938,193.6300048828125,207.14999389648438,172373300,0.0,0.0
2024-06-12 00:00:00-04:00,207.3699951171875,220.1999969482422,206.89999389648438,213.07000732421875,198134300,0.0,0.0
2024-06-13 00:00:00-04:00,214.74000549316406,216.75,211.60000610351562,214.24000549316406,97862700,0.0,0.0
2024-06-14 00:00:00-04:00,213.85000610351562,215.1699981689453,211.3000030517578,212.49000549316406,70122700,0.0,0.0
2024-06-17 00:00:00-04:00,213.3699951171875,218.9499969482422,212.72000122070312,216.6699981689453,93728300,0.0,0.0
2024-06-18 00:00:00-04:00,217.58999633789062,218.6300048828125,213.0,214.2899932861328,79943300,0.0,0.0
2024-06-20 00:00:00-04:00,213.92999267578125,214.24000549316406,208.85000610351562,209.67999267578125,86172500,0.0,0.0
2024-06-21 00:00:00-04:00,210.38999938964844,211.88999938964844,207.11000061035156,207.49000549316406,246421400,0.0,0.0
2024-06-24 00:00:00-04:00,207.72000122070312,212.6999969482422,206.58999633789062,208.13999938964844,80727000,0.0,0.0
2024-06-25 00:00:00-04:00,209.14999389648438,211.3800048828125,208.61000061035156,209.07000732421875,56713900,0.0,0.0
2024-06-26 00:00:00-04:00,211.5,214.86000061035156,210.63999938964844,213.25,66213200,0.0,0.0
2024-06-27 00:00:00-04:00,214.69000244140625,215.74000549316406,212.35000610351562,214.10000610351562,49772700,0.0,0.0
2024-06-28 00:00:00-04:00,215.77000427246094,216.07000732421875,210.3000030517578,210.6199951171875,82542700,0.0,0.0
2024-07-01 00:00:00-04:00,212.08999633789062,217.50999450683594,211.9199981689453,216.75,60402900,0.0,0.0
2024-07-02 00:00:00-04:00,216.14999389648438,220.3800048828125,215.10000610351562,220.27000427246094,58046200,0.0,0.0
2024-07-03 00:00:00-04:00,220.0,221.5500030517578,219.02999877929688,221.5500030517578,37369800,0.0,0.0
2024-07-05 00:00:00-04:00,221.64999389648438,226.4499969482422,221.64999389648438,226.33999633789062,60412400,0.0,0.0
2024-07-08 00:00:00-04:00,227.08999633789062,227.85000610351562,223.25,227.82000732421875,59085900,0.0,0.0
2024-07-09 00:00:00-04:00,227.92999267578125,229.39999389648438,226.3699951171875,228.67999267578125,48076100,0.0,0.0
2024-07-10 00:00:00-04:00,229.3000030517578,233.0800018310547,229.25,232.97999572753906,62627700,0.0,0.0
2024-07-11 00:00:00-04:00,231.38999938964844,232.38999938964844,225.77000427246094,227.57000732421875,64710600,0.0,0.0
2024-07-12 00:00:00-04:00,228.9199981689453,232.63999938964844,228.67999267578125,230.5399932861328,53046500,0.0,0.0
2024-07-15 00:00:00-04:00,236.47999572753906,237.22999572753906,233.08999633789062,234.39999389648438,62631300,0.0,0.0
2024-07-16 00:00:00-04:00,235.0,236.27000427246094,232.3300018310547,234.82000732421875,43234300,0.0,0.0
2024-07-17 00:00:00-04:00,229.4499969482422,231.4600067138672,226.63999938964844,228.8800048828125,57345900,0.0,0.0
2024-07-18 00:00:00-04:00,230.27999877929688,230.44000244140625,222.27000427246094,224.17999267578125,66034600,0.0,0.0
2024-07-19 00:00:00-04:00,224.82000732421875,226.8000030517578,223.27999877929688,224.30999755859375,49151500,0.0,0.0
2024-07-22 00:00:00-04:00,227.00999450683594,227.77999877929688,223.08999633789062,223.9600067138672,48156700,0.0,0.0
2024-07-23 00:00:00-04:00,224.39999389648438,224.64999389648438,222.67999267578125,224.34500122070312,5416427,0.0,0.0
